timestamp,price_dollar,sells
1398992400000,0.92,97
1399078800000,0.728,108
1399165200000,0.556,135
1399251600000,0.479,119
1399338000000,0.436,124
1399424400000,0.433,135
1399510800000,0.392,101
1399597200000,0.349,154
1399683600000,0.332,161
1399770000000,0.31,175
1399856400000,0.301,123
1399942800000,0.282,149
1400029200000,0.299,108
1400115600000,0.293,133
1400202000000,0.285,152
1400288400000,0.268,178
1400374800000,0.271,136
1400461200000,0.243,147
1400547600000,0.272,183
1400634000000,0.289,131
1400720400000,0.277,126
1400806800000,0.26,151
1400893200000,0.246,190
1400979600000,0.246,194
1401066000000,0.236,162
1401152400000,0.217,131
1401238800000,0.207,196
1401325200000,0.216,166
1401411600000,0.215,183
1401498000000,0.22,195
1401584400000,0.216,161
1401670800000,0.199,162
1401757200000,0.208,128
1401843600000,0.2,169
1401930000000,0.2,153
1402016400000,0.2,162
1402102800000,0.195,203
1402189200000,0.188,174
1402275600000,0.182,152
1402362000000,0.172,177
1402448400000,0.182,151
1402534800000,0.174,152
1402621200000,0.169,177
1402707600000,0.187,223
1402794000000,0.185,243
1402880400000,0.187,217
1402966800000,0.177,259
1403053200000,0.173,151
1403139600000,0.162,219
1403226000000,0.159,262
1403312400000,0.157,221
1403398800000,0.14,227
1403485200000,0.136,201
1403571600000,0.12,174
1403658000000,0.127,212
1403744400000,0.134,205
1403830800000,0.144,185
1403917200000,0.143,254
1404003600000,0.144,350
1404090000000,0.144,231
1404176400000,0.157,234
1404262800000,0.124,281
1404349200000,0.132,298
1404435600000,0.141,229
1404522000000,0.146,183
1404608400000,0.143,209
1404694800000,0.143,172
1404781200000,0.147,213
1404867600000,0.159,244
1404954000000,0.141,248
1405040400000,0.152,217
1405126800000,0.144,228
1405213200000,0.151,221
1405299600000,0.137,187
1405386000000,0.138,203
1405472400000,0.154,195
1405558800000,0.14,220
1405645200000,0.148,279
1405731600000,0.146,180
1405818000000,0.142,254
1405904400000,0.142,204
1405990800000,0.141,194
1406077200000,0.144,222
1406163600000,0.14,187
1406250000000,0.144,245
1406336400000,0.136,208
1406422800000,0.131,229
1406509200000,0.139,236
1406595600000,0.143,243
1406682000000,0.145,258
1406768400000,0.141,234
1406854800000,0.155,274
1406941200000,0.149,273
1407027600000,0.147,292
1407114000000,0.144,216
1407200400000,0.123,278
1407286800000,0.128,255
1407373200000,0.13,232
1407459600000,0.13,258
1407546000000,0.136,252
1407632400000,0.131,222
1407718800000,0.133,266
1407805200000,0.139,227
1407891600000,0.138,281
1407978000000,0.136,259
1408064400000,0.131,333
1408150800000,0.139,289
1408237200000,0.12,389
1408323600000,0.122,293
1408410000000,0.135,285
1408496400000,0.138,258
1408582800000,0.144,267
1408669200000,0.136,265
1408755600000,0.142,304
1408842000000,0.138,286
1408928400000,0.142,299
1409014800000,0.145,270
1409101200000,0.146,283
1409187600000,0.141,257
1409274000000,0.141,323
1409360400000,0.148,344
1409446800000,0.143,274
1409533200000,0.145,296
1409619600000,0.151,294
1409706000000,0.152,261
1409792400000,0.15,249
1409878800000,0.143,250
1409965200000,0.144,310
1410051600000,0.143,349
1410138000000,0.146,226
1410224400000,0.147,271
1410310800000,0.146,256
1410397200000,0.14,303
1410483600000,0.133,308
1410570000000,0.127,391
1410656400000,0.135,344
1410742800000,0.128,320
1410829200000,0.137,295
1410915600000,0.133,254
1411002000000,0.137,251
1411088400000,0.131,282
1411174800000,0.125,323
1411261200000,0.128,355
1411347600000,0.129,279
1411434000000,0.133,284
1411520400000,0.125,226
1411606800000,0.131,239
1411693200000,0.128,298
1411779600000,0.129,357
1411866000000,0.122,299
1411952400000,0.117,252
1412038800000,0.118,283
1412125200000,0.122,260
1412211600000,0.119,282
1412298000000,0.119,308
1412384400000,0.123,382
1412470800000,0.127,364
1412557200000,0.12,250
1412643600000,0.119,336
1412730000000,0.123,268
1412816400000,0.127,284
1412902800000,0.129,344
1412989200000,0.122,370
1413075600000,0.13,363
1413162000000,0.12,332
1413248400000,0.121,301
1413334800000,0.125,283
1413421200000,0.129,276
1413507600000,0.116,355
1413594000000,0.115,438
1413680400000,0.11,369
1413766800000,0.119,304
1413853200000,0.115,292
1413939600000,0.115,265
1414026000000,0.11,316
1414112400000,0.124,364
1414198800000,0.12,379
1414285200000,0.112,483
1414371600000,0.118,376
1414458000000,0.115,327
1414544400000,0.117,325
1414630800000,0.133,267
1414717200000,0.11,461
1414803600000,0.112,509
1414890000000,0.115,433
1414976400000,0.118,346
1415062800000,0.119,320
1415149200000,0.116,364
1415235600000,0.114,337
1415322000000,0.118,385
1415408400000,0.113,470
1415494800000,0.113,490
1415581200000,0.109,357
1415667600000,0.109,332
1415754000000,0.088,430
1415840400000,0.075,450
1415926800000,0.08,441
1416013200000,0.091,554
1416099600000,0.09,440
1416186000000,0.087,355
1416272400000,0.094,306
1416358800000,0.094,363
1416445200000,0.094,304
1416531600000,0.089,337
1416618000000,0.079,351
1416704400000,0.085,430
1416790800000,0.088,285
1416877200000,0.095,303
1416963600000,0.089,353
1417050000000,0.086,423
1417136400000,0.091,384
1417222800000,0.116,80
1417309200000,0.08,692
1417395600000,0.078,440
1417482000000,0.093,371
1417568400000,0.099,418
1417654800000,0.098,317
1417741200000,0.103,414
1417827600000,0.107,526
1417914000000,0.102,491
1418000400000,0.099,374
1418086800000,0.102,401
1418173200000,0.099,397
1418259600000,0.103,440
1418346000000,0.093,468
1418432400000,0.088,582
1418518800000,0.09,503
1418605200000,0.087,431
1418691600000,0.08,413
1418778000000,0.092,507
1418864400000,0.102,392
1418950800000,0.092,551
1419037200000,0.088,540
1419123600000,0.086,452
1419210000000,0.089,522
1419296400000,0.094,424
1419382800000,0.089,487
1419469200000,0.102,546
1419555600000,0.104,573
1419642000000,0.105,641
1419728400000,0.11,658
1419814800000,0.108,639
1419901200000,0.11,621
1419987600000,0.108,559
1420074000000,0.112,547
1420160400000,0.115,659
1420246800000,0.116,639
1420333200000,0.12,614
1420419600000,0.115,588
1420506000000,0.114,637
1420592400000,0.122,461
1420678800000,0.112,665
1420765200000,0.118,737
1420851600000,0.114,740
1420938000000,0.117,811
1421024400000,0.119,763
1421110800000,0.117,647
1421197200000,0.118,679
1421283600000,0.113,714
1421370000000,0.111,727
1421456400000,0.112,800
1421542800000,0.112,881
1421629200000,0.113,717
1421715600000,0.116,640
1421802000000,0.11,661
1421888400000,0.112,661
1421974800000,0.113,719
1422061200000,0.121,760
1422147600000,0.112,838
1422234000000,0.103,696
1422320400000,0.105,679
1422406800000,0.107,713
1422493200000,0.104,699
1422579600000,0.103,790
1422666000000,0.103,975
1422752400000,0.102,968
1422838800000,0.102,697
1422925200000,0.104,725
1423011600000,0.103,701
1423098000000,0.104,703
1423184400000,0.098,711
1423270800000,0.107,917
1423357200000,0.105,850
1423443600000,0.099,642
1423530000000,0.103,619
1423616400000,0.099,680
1423702800000,0.092,701
1423789200000,0.094,710
1423875600000,0.096,885
1423962000000,0.092,809
1424048400000,0.091,848
1424134800000,0.096,628
1424221200000,0.095,641
1424307600000,0.093,694
1424394000000,0.094,735
1424480400000,0.099,851
1424566800000,0.098,669
1424653200000,0.093,711
1424739600000,0.099,800
1424826000000,0.094,625
1424912400000,0.099,666
1424998800000,0.092,764
1425085200000,0.095,787
1425171600000,0.091,836
1425258000000,0.089,710
1425344400000,0.091,621
1425430800000,0.089,638
1425517200000,0.089,770
1425603600000,0.091,777
1425690000000,0.095,954
1425776400000,0.091,845
1425862800000,0.089,644
1425949200000,0.083,618
1426035600000,0.082,617
1426122000000,0.083,569
1426208400000,0.081,780
1426294800000,0.081,897
1426381200000,0.073,1056
1426467600000,0.073,700
1426554000000,0.08,670
1426640400000,0.082,689
1426726800000,0.082,597
1426813200000,0.086,744
1426899600000,0.081,964
1426986000000,0.084,840
1427072400000,0.084,787
1427158800000,0.089,786
1427245200000,0.085,790
1427331600000,0.085,788
1427418000000,0.09,892
1427504400000,0.087,979
1427590800000,0.08,956
1427677200000,0.083,815
1427763600000,0.081,740
1427850000000,0.087,957
1427936400000,0.096,976
1428022800000,0.098,983
1428109200000,0.094,1103
1428195600000,0.094,993
1428282000000,0.098,1082
1428368400000,0.099,857
1428454800000,0.101,813
1428541200000,0.098,876
1428627600000,0.101,736
1428714000000,0.096,1178
1428800400000,0.096,962
1428886800000,0.09,764
1428973200000,0.088,846
1429059600000,0.095,677
1429146000000,0.075,794
1429232400000,0.07,1024
1429318800000,0.073,1281
1429405200000,0.074,1168
1429491600000,0.07,1038
1429578000000,0.074,978
1429664400000,0.079,873
1429750800000,0.078,876
1429837200000,0.075,1109
1429923600000,0.077,1200
1430010000000,0.079,1206
1430096400000,0.078,929
1430182800000,0.081,894
1430269200000,0.076,896
1430355600000,0.082,1035
1430442000000,0.08,884
1430528400000,0.082,1205
1430614800000,0.082,1165
1430701200000,0.077,987
1430787600000,0.082,1050
1430874000000,0.079,878
1430960400000,0.082,842
1431046800000,0.08,1064
1431133200000,0.077,1128
1431219600000,0.076,1131
1431306000000,0.079,1038
1431392400000,0.078,879
1431478800000,0.08,915
1431565200000,0.082,883
1431651600000,0.082,858
1431738000000,0.082,1211
1431824400000,0.081,1199
1431910800000,0.078,856
1431997200000,0.081,833
1432083600000,0.083,848
1432170000000,0.081,861
1432256400000,0.082,917
1432342800000,0.083,1150
1432429200000,0.079,1020
1432515600000,0.073,925
1432602000000,0.074,943
1432688400000,0.047,1054
1432774800000,0.049,1029
1432861200000,0.055,1243
1432947600000,0.064,1230
1433034000000,0.064,1196
1433120400000,0.068,985
1433206800000,0.071,1079
1433293200000,0.074,1159
1433379600000,0.063,1036
1433466000000,0.065,1241
1433552400000,0.066,1028
1433638800000,0.064,994
1433725200000,0.064,851
1433811600000,0.068,768
1433898000000,0.063,1003
1433984400000,0.059,837
1434070800000,0.05,1122
1434157200000,0.052,1181
1434243600000,0.048,1092
1434330000000,0.05,1011
1434416400000,0.05,1072
1434502800000,0.05,1157
1434589200000,0.053,1053
1434675600000,0.053,1092
1434762000000,0.057,1012
1434848400000,0.056,964
1434934800000,0.057,1014
1435021200000,0.06,861
1435107600000,0.063,1026
1435194000000,0.062,900
1435280400000,0.065,942
1435366800000,0.066,893
1435453200000,0.063,879
1435539600000,0.065,878
1435626000000,0.065,902
1435712400000,0.067,859
1435798800000,0.066,908
1435885200000,0.068,890
1435971600000,0.071,772
1436058000000,0.072,803
1436144400000,0.071,836
1436230800000,0.073,845
1436317200000,0.068,861
1436403600000,0.076,1000
1436490000000,0.074,832
1436576400000,0.071,962
1436662800000,0.07,881
1436749200000,0.071,927
1436835600000,0.076,860
1436922000000,0.073,871
1437008400000,0.075,850
1437094800000,0.072,845
1437181200000,0.073,878
1437267600000,0.072,813
1437354000000,0.074,907
1437440400000,0.072,824
1437526800000,0.074,786
1437613200000,0.071,938
1437699600000,0.072,835
1437786000000,0.069,771
1437872400000,0.069,684
1437958800000,0.066,798
1438045200000,0.069,782
1438131600000,0.067,839
1438218000000,0.068,895
1438304400000,0.061,855
1438390800000,0.066,923
1438477200000,0.067,843
1438563600000,0.063,847
1438650000000,0.067,712
1438736400000,0.064,931
1438822800000,0.063,848
1438909200000,0.063,871
1438995600000,0.062,827
1439082000000,0.066,818
1439168400000,0.067,837
1439254800000,0.066,806
1439341200000,0.061,1006
1439427600000,0.062,912
1439514000000,0.063,885
1439600400000,0.056,857
1439686800000,0.055,827
1439773200000,0.055,954
1439859600000,0.055,818
1439946000000,0.051,882
1440032400000,0.054,880
1440118800000,0.052,967
1440205200000,0.052,1138
1440291600000,0.047,1184
1440378000000,0.049,1295
1440464400000,0.06,821
1440550800000,0.061,1010
1440637200000,0.064,1006
1440723600000,0.062,1123
1440810000000,0.065,908
1440896400000,0.064,883
1440982800000,0.069,829
1441069200000,0.069,699
1441155600000,0.064,808
1441242000000,0.065,865
1441328400000,0.065,882
1441414800000,0.067,1060
1441501200000,0.069,1041
1441587600000,0.069,730
1441674000000,0.068,784
1441760400000,0.068,854
1441846800000,0.069,1220
1441933200000,0.067,806
1442019600000,0.067,941
1442106000000,0.069,894
1442192400000,0.069,674
1442278800000,0.07,697
1442365200000,0.067,855
1442451600000,0.068,863
1442538000000,0.06,976
1442624400000,0.063,1274
1442710800000,0.064,1291
1442797200000,0.065,1296
1442883600000,0.067,930
1442970000000,0.067,1070
1443056400000,0.067,1050
1443142800000,0.066,1099
1443229200000,0.07,1180
1443315600000,0.067,1204
1443402000000,0.069,800
1443488400000,0.064,853
1443574800000,0.066,916
1443661200000,0.067,907
1443747600000,0.068,1096
1443834000000,0.067,1137
1443920400000,0.065,866
1444006800000,0.069,883
1444093200000,0.071,735
1444179600000,0.064,957
1444266000000,0.062,930
1444352400000,0.066,943
1444438800000,0.07,1074
1444525200000,0.067,1100
1444611600000,0.068,829
1444698000000,0.066,771
1444784400000,0.068,913
1444870800000,0.064,972
1444957200000,0.064,765
1445043600000,0.062,1009
1445130000000,0.061,959
1445216400000,0.057,763
1445302800000,0.063,764
1445389200000,0.054,998
1445475600000,0.056,756
1445562000000,0.053,1185
1445648400000,0.053,1165
1445734800000,0.051,1247
1445821200000,0.057,791
1445907600000,0.055,895
1445994000000,0.051,1017
1446080400000,0.05,929
1446166800000,0.049,1036
1446253200000,0.048,1432
1446339600000,0.042,1278
1446426000000,0.042,1053
1446512400000,0.048,869
1446598800000,0.049,900
1446685200000,0.047,962
1446771600000,0.048,913
1446858000000,0.049,1312
1446944400000,0.05,1402
1447030800000,0.049,895
1447117200000,0.054,763
1447203600000,0.051,778
1447290000000,0.052,758
1447376400000,0.054,932
1447462800000,0.053,1106
1447549200000,0.052,992
1447635600000,0.051,749
1447722000000,0.053,700
1447808400000,0.049,835
1447894800000,0.05,1005
1447981200000,0.05,833
1448067600000,0.049,1108
1448154000000,0.046,890
1448240400000,0.042,817
1448326800000,0.049,1063
1448413200000,0.05,1080
1448499600000,0.046,1042
1448586000000,0.041,1267
1448672400000,0.044,1593
1448758800000,0.044,1418
1448845200000,0.042,923
1448931600000,0.047,774
1449018000000,0.048,910
1449104400000,0.051,958
1449190800000,0.051,1129
1449277200000,0.055,965
1449363600000,0.057,1010
1449450000000,0.057,709
1449536400000,0.058,771
1449622800000,0.048,1048
1449709200000,0.047,1005
1449795600000,0.052,1086
1449882000000,0.054,1320
1449968400000,0.055,1152
1450054800000,0.056,821
1450141200000,0.06,809
1450227600000,0.056,916
1450314000000,0.057,894
1450400400000,0.055,956
1450486800000,0.052,1213
1450573200000,0.053,1045
1450659600000,0.053,822
1450746000000,0.051,838
1450832400000,0.041,1241
1450918800000,0.037,1152
1451005200000,0.044,1014
1451091600000,0.044,1202
1451178000000,0.045,1171
1451264400000,0.047,1161
1451350800000,0.047,1155
1451437200000,0.044,1301
1451523600000,0.044,1061
1451610000000,0.045,1231
1451696400000,0.044,1193
1451782800000,0.04,1298
1451869200000,0.045,1098
1451955600000,0.049,1012
1452042000000,0.046,1089
1452128400000,0.048,1114
1452214800000,0.053,969
1452301200000,0.046,1105
1452387600000,0.05,1018
1452474000000,0.049,851
1452560400000,0.047,747
1452646800000,0.049,851
1452733200000,0.049,910
1452819600000,0.046,1000
1452906000000,0.05,1228
1452992400000,0.046,963
1453078800000,0.049,973
1453165200000,0.051,879
1453251600000,0.05,937
1453338000000,0.048,916
1453424400000,0.049,1061
1453510800000,0.05,1171
1453597200000,0.049,1178
1453683600000,0.049,965
1453770000000,0.053,957
1453856400000,0.05,1155
1453942800000,0.051,1053
1454029200000,0.05,1133
1454115600000,0.049,1216
1454202000000,0.05,1186
1454288400000,0.048,979
1454374800000,0.052,1008
1454461200000,0.05,1051
1454547600000,0.047,985
1454634000000,0.046,921
1454720400000,0.054,1531
1454806800000,0.05,1244
1454893200000,0.047,964
1454979600000,0.052,921
1455066000000,0.048,1154
1455152400000,0.045,1105
1455238800000,0.046,1079
1455325200000,0.047,1254
1455411600000,0.045,1418
1455498000000,0.048,934
1455584400000,0.047,1006
1455670800000,0.049,1007
1455757200000,0.038,1196
1455843600000,0.04,1498
1455930000000,0.041,1627
1456016400000,0.042,1404
1456102800000,0.04,1161
1456189200000,0.048,1121
1456275600000,0.047,1282
1456362000000,0.048,1676
1456448400000,0.049,1514
1456534800000,0.049,1756
1456621200000,0.054,1139
1456707600000,0.052,1384
1456794000000,0.05,1717
1456880400000,0.052,1602
1456966800000,0.05,1244
1457053200000,0.049,1192
1457139600000,0.049,1326
1457226000000,0.047,1221
1457312400000,0.048,1035
1457398800000,0.05,1214
1457485200000,0.049,1019
1457571600000,0.056,711
1457658000000,0.056,775
1457744400000,0.06,846
1457830800000,0.06,879
1457917200000,0.059,810
1458003600000,0.059,588
1458090000000,0.063,631
1458176400000,0.062,580
1458262800000,0.06,630
1458349200000,0.062,753
1458435600000,0.062,710
1458522000000,0.06,643
1458608400000,0.065,633
1458694800000,0.066,710
1458781200000,0.066,696
1458867600000,0.058,819
1458954000000,0.058,856
1459040400000,0.058,773
1459126800000,0.058,854
1459213200000,0.061,748
1459299600000,0.061,848
1459386000000,0.062,784
1459472400000,0.06,1007
1459558800000,0.065,812
1459645200000,0.051,992
1459731600000,0.052,699
1459818000000,0.056,736
1459904400000,0.061,898
1459990800000,0.063,612
1460077200000,0.066,737
1460163600000,0.068,982
1460250000000,0.068,830
1460336400000,0.065,608
1460422800000,0.064,592
1460509200000,0.065,746
1460595600000,0.066,724
1460682000000,0.071,750
1460768400000,0.066,711
1460854800000,0.064,778
1460941200000,0.065,707
1461027600000,0.072,722
1461114000000,0.071,856
1461200400000,0.061,599
1461286800000,0.067,594
1461373200000,0.066,779
1461459600000,0.065,873
1461546000000,0.065,554
1461632400000,0.069,654
1461718800000,0.069,818
1461805200000,0.072,686
1461891600000,0.067,794
1461978000000,0.068,861
1462064400000,0.073,950
1462150800000,0.07,741
1462237200000,0.067,700
1462323600000,0.064,710
1462410000000,0.066,773
1462496400000,0.065,701
1462582800000,0.061,863
1462669200000,0.062,693
1462755600000,0.059,626
1462842000000,0.06,686
1462928400000,0.061,638
1463014800000,0.06,762
1463101200000,0.057,616
1463187600000,0.058,857
1463274000000,0.057,903
1463360400000,0.055,664
1463446800000,0.053,627
1463533200000,0.055,717
1463619600000,0.054,715
1463706000000,0.051,531
1463792400000,0.054,687
1463878800000,0.053,694
1463965200000,0.053,566
1464051600000,0.056,537
1464138000000,0.053,628
1464224400000,0.047,637
1464310800000,0.048,576
1464397200000,0.05,680
1464483600000,0.05,632
1464570000000,0.047,521
1464656400000,0.05,604
1464742800000,0.047,865
1464829200000,0.045,695
1464915600000,0.044,734
1465002000000,0.046,727
1465088400000,0.049,757
1465174800000,0.042,652
1465261200000,0.04,604
1465347600000,0.043,868
1465434000000,0.044,802
1465520400000,0.049,659
1465606800000,0.048,653
1465693200000,0.049,602
1465779600000,0.049,596
1465866000000,0.048,563
1465952400000,0.05,788
1466038800000,0.047,720
1466125200000,0.046,721
1466211600000,0.049,727
1466298000000,0.047,836
1466384400000,0.048,777
1466470800000,0.05,770
1466557200000,0.051,693
1466643600000,0.043,652
1466730000000,0.04,854
1466816400000,0.034,776
1466902800000,0.035,802
1466989200000,0.041,937
1467075600000,0.04,792
1467162000000,0.036,736
1467248400000,0.041,857
1467334800000,0.041,692
1467421200000,0.038,709
1467507600000,0.039,700
1467594000000,0.043,795
1467680400000,0.044,777
1467766800000,0.044,790
1467853200000,0.046,869
1467939600000,0.048,764
1468026000000,0.046,718
1468112400000,0.046,768
1468198800000,0.043,610
1468285200000,0.046,825
1468371600000,0.055,508
1468458000000,0.052,682
1468544400000,0.049,651
1468630800000,0.05,666
1468717200000,0.058,792
1468803600000,0.056,1011
1468890000000,0.054,767
1468976400000,0.056,789
1469062800000,0.055,752
1469149200000,0.058,649
1469235600000,0.058,496
1469322000000,0.053,617
1469408400000,0.054,426
1469494800000,0.052,484
1469581200000,0.052,628
1469667600000,0.05,750
1469754000000,0.053,902
1469840400000,0.049,860
1469926800000,0.056,747
1470013200000,0.052,609
1470099600000,0.053,656
1470186000000,0.051,674
1470272400000,0.053,812
1470358800000,0.053,687
1470445200000,0.05,487
1470531600000,0.048,521
1470618000000,0.044,585
1470704400000,0.045,494
1470790800000,0.041,588
1470877200000,0.042,671
1470963600000,0.04,539
1471050000000,0.046,637
1471136400000,0.043,563
1471222800000,0.042,566
1471309200000,0.045,585
1471395600000,0.039,701
1471482000000,0.045,733
1471568400000,0.039,647
1471654800000,0.036,737
1471741200000,0.038,710
1471827600000,0.036,767
1471914000000,0.039,825
1472000400000,0.04,912
1472086800000,0.039,871
1472173200000,0.039,751
1472259600000,0.041,846
1472346000000,0.04,1310
1472432400000,0.039,973
1472518800000,0.039,926
1472605200000,0.04,1139
1472691600000,0.042,807
1472778000000,0.042,815
1472864400000,0.042,1053
1472950800000,0.042,715
1473037200000,0.041,730
1473123600000,0.04,568
1473210000000,0.037,895
1473296400000,0.037,855
1473382800000,0.039,860
1473469200000,0.036,965
1473555600000,0.037,851
1473642000000,0.04,752
1473728400000,0.039,629
1473814800000,0.04,632
1473901200000,0.038,790
1473987600000,0.037,704
1474074000000,0.038,1134
1474160400000,0.04,872
1474246800000,0.038,636
1474333200000,0.038,566
1474419600000,0.037,681
1474506000000,0.041,707
1474592400000,0.039,732
1474678800000,0.04,836
1474765200000,0.04,841
1474851600000,0.041,557
1474938000000,0.043,556
1475024400000,0.04,626
1475110800000,0.039,593
1475197200000,0.037,653
1475283600000,0.037,766
1475370000000,0.039,632
1475456400000,0.039,499
1475542800000,0.038,501
1475629200000,0.041,616
1475715600000,0.038,585
1475802000000,0.035,671
1475888400000,0.036,761
1475974800000,0.036,676
1476061200000,0.037,484
1476147600000,0.03,606
1476234000000,0.033,638
1476320400000,0.034,497
1476406800000,0.037,590
1476493200000,0.035,676
1476579600000,0.036,771
1476666000000,0.039,627
1476752400000,0.038,434
1476838800000,0.036,504
1476925200000,0.038,514
1477011600000,0.038,569
1477098000000,0.036,754
1477184400000,0.037,699
1477270800000,0.039,409
1477357200000,0.037,403
1477443600000,0.035,437
1477530000000,0.034,396
1477616400000,0.036,419
1477702800000,0.034,558
1477789200000,0.032,626
1477875600000,0.032,436
1477962000000,0.032,474
1478048400000,0.034,551
1478134800000,0.031,504
1478221200000,0.032,823
1478307600000,0.036,920
1478394000000,0.034,528
1478480400000,0.033,460
1478566800000,0.035,779
1478653200000,0.035,378
1478739600000,0.035,543
1478826000000,0.036,486
1478912400000,0.036,600
1478998800000,0.035,854
1479085200000,0.035,711
1479171600000,0.034,434
1479258000000,0.037,620
1479344400000,0.035,352
1479430800000,0.034,424
1479517200000,0.034,562
1479603600000,0.037,639
1479690000000,0.033,469
1479776400000,0.033,464
1479862800000,0.031,617
1479949200000,0.03,520
1480035600000,0.03,603
1480122000000,0.03,797
1480208400000,0.03,1198
1480294800000,0.03,462
1480381200000,0.03,584
1480467600000,0.032,1302
1480554000000,0.033,530
1480640400000,0.033,560
1480726800000,0.034,753
1480813200000,0.033,565
1480899600000,0.036,570
1480986000000,0.034,452
1481072400000,0.033,537
1481158800000,0.032,537
1481245200000,0.04,622
1481331600000,0.036,627
1481418000000,0.035,628
1481504400000,0.034,675
1481590800000,0.034,749
1481677200000,0.034,482
1481763600000,0.033,562
1481850000000,0.034,482
1481936400000,0.033,598
1482022800000,0.031,553
1482109200000,0.03,629
1482195600000,0.03,1207
1482282000000,0.033,424
1482368400000,0.03,560
1482454800000,0.03,552
1482541200000,0.03,677
1482627600000,0.034,709
1482714000000,0.034,923
1482800400000,0.032,965
1482886800000,0.033,653
1482973200000,0.035,860
1483059600000,0.035,821
1483146000000,0.035,580
1483232400000,0.036,580
1483318800000,0.033,632
1483405200000,0.036,511
1483491600000,0.037,889
1483578000000,0.034,663
1483664400000,0.038,570
1483750800000,0.038,594
1483837200000,0.038,703
1483923600000,0.036,524
1484010000000,0.036,727
1484096400000,0.038,639
1484182800000,0.038,655
1484269200000,0.036,588
1484355600000,0.04,575
1484442000000,0.036,803
1484528400000,0.038,709
1484614800000,0.038,611
1484701200000,0.037,653
1484787600000,0.037,525
1484874000000,0.038,578
1484960400000,0.038,676
1485046800000,0.036,749
1485133200000,0.038,1078
1485219600000,0.038,650
1485306000000,0.04,741
1485392400000,0.039,973
1485478800000,0.039,716
1485565200000,0.04,878
1485651600000,0.04,770
1485738000000,0.038,643
1485824400000,0.038,939
1485910800000,0.042,783
1485997200000,0.044,598
1486083600000,0.043,637
1486170000000,0.046,907
1486256400000,0.047,777
1486342800000,0.05,953
1486429200000,0.049,441
1486515600000,0.049,947
1486602000000,0.049,525
1486688400000,0.049,541
1486774800000,0.049,684
1486861200000,0.048,1038
1486947600000,0.049,484
1487034000000,0.049,828
1487120400000,0.047,479
1487206800000,0.047,632
1487293200000,0.044,770
1487379600000,0.043,699
1487466000000,0.043,686
1487552400000,0.042,481
1487638800000,0.043,543
1487725200000,0.041,632
1487811600000,0.04,621
1487898000000,0.041,792
1487984400000,0.043,695
1488070800000,0.042,567
1488157200000,0.042,534
1488243600000,0.042,575
1488330000000,0.041,1129
1488416400000,0.041,710
1488502800000,0.041,818
1488589200000,0.043,977
1488675600000,0.041,759
1488762000000,0.041,509
1488848400000,0.041,488
1488934800000,0.04,530
1489021200000,0.043,591
1489107600000,0.039,486
1489194000000,0.038,595
1489280400000,0.039,748
1489366800000,0.04,334
1489453200000,0.038,586
1489539600000,0.04,475
1489626000000,0.039,674
1489712400000,0.04,597
1489798800000,0.04,830
1489885200000,0.041,918
1489971600000,0.041,1278
1490058000000,0.04,716
1490144400000,0.044,763
1490230800000,0.044,541
1490317200000,0.047,634
1490403600000,0.047,655
1490490000000,0.043,699
1490576400000,0.042,688
1490662800000,0.038,479
1490749200000,0.038,610
1490835600000,0.038,590
1490922000000,0.039,579
1491008400000,0.04,767
1491094800000,0.038,561
1491181200000,0.039,634
1491267600000,0.039,609
1491354000000,0.041,967
1491440400000,0.036,494
1491526800000,0.04,523
1491613200000,0.037,661
1491699600000,0.039,1206
1491786000000,0.037,628
1491872400000,0.039,552
1491958800000,0.039,869
1492045200000,0.039,585
1492131600000,0.038,513
1492218000000,0.038,584
1492304400000,0.037,570
1492390800000,0.04,524
1492477200000,0.037,582
1492563600000,0.039,669
1492650000000,0.038,646
1492736400000,0.036,702
1492822800000,0.035,787
1492909200000,0.035,668
1492995600000,0.036,547
1493082000000,0.037,456
1493168400000,0.033,488
1493254800000,0.035,582
1493341200000,0.035,617
1493427600000,0.037,816
1493514000000,0.037,595
1493600400000,0.04,592
1493686800000,0.041,485
1493773200000,0.04,510
1493859600000,0.038,435
1493946000000,0.036,501
1494032400000,0.037,558
1494118800000,0.038,647
1494205200000,0.034,460
1494291600000,0.036,484
1494378000000,0.038,521
1494464400000,0.038,1120
1494550800000,0.039,864
1494637200000,0.039,908
1494723600000,0.044,821
1494810000000,0.042,442
1494896400000,0.04,409
1494982800000,0.042,781
1495069200000,0.042,480
1495155600000,0.041,528
1495242000000,0.042,568
1495328400000,0.041,501
1495414800000,0.042,513
1495501200000,0.042,398
1495587600000,0.037,703
1495674000000,0.036,537
1495760400000,0.037,540
1495846800000,0.04,1217
1495933200000,0.042,1142
1496019600000,0.041,1097
1496106000000,0.047,617
1496192400000,0.045,560
1496278800000,0.045,722
1496365200000,0.048,719
1496451600000,0.046,617
1496538000000,0.045,608
1496624400000,0.049,1067
1496710800000,0.049,483
1496797200000,0.049,753
1496883600000,0.047,555
1496970000000,0.049,495
1497056400000,0.048,562
1497142800000,0.046,572
1497229200000,0.046,1430
1497315600000,0.048,518
1497402000000,0.048,461
1497488400000,0.047,515
1497574800000,0.047,626
1497661200000,0.048,585
1497747600000,0.047,619
1497834000000,0.046,494
1497920400000,0.045,446
1498006800000,0.043,547
1498093200000,0.042,523
1498179600000,0.039,830
1498266000000,0.039,758
1498352400000,0.039,663
1498438800000,0.038,689
1498525200000,0.038,727
1498611600000,0.037,521
1498698000000,0.039,677
1498784400000,0.037,493
1498870800000,0.036,543
1498957200000,0.036,566
1499043600000,0.037,525
1499130000000,0.036,530
1499216400000,0.039,922
1499302800000,0.039,534
1499389200000,0.038,638
1499475600000,0.036,1103
1499562000000,0.037,526
1499648400000,0.037,625
1499734800000,0.037,648
1499821200000,0.039,568
1499907600000,0.039,538
1499994000000,0.039,563
1500080400000,0.043,681
1500166800000,0.042,710
1500253200000,0.042,823
1500339600000,0.04,530
1500426000000,0.041,571
1500512400000,0.043,607
1500598800000,0.04,571
1500685200000,0.044,583
1500771600000,0.042,612
1500858000000,0.041,422
1500944400000,0.039,489
1501030800000,0.04,598
1501117200000,0.044,630
1501203600000,0.043,746
1501290000000,0.045,1536
1501376400000,0.045,507
1501462800000,0.047,833
1501549200000,0.045,688
1501635600000,0.046,668
1501722000000,0.047,536
1501808400000,0.047,529
1501894800000,0.046,585
1501981200000,0.047,494
1502067600000,0.047,605
1502154000000,0.046,449
1502240400000,0.048,477
1502326800000,0.048,640
1502413200000,0.046,607
1502499600000,0.049,726
1502586000000,0.048,500
1502672400000,0.048,465
1502758800000,0.045,625
1502845200000,0.044,433
1502931600000,0.047,480
1503018000000,0.051,554
1503104400000,0.049,489
1503190800000,0.048,438
1503277200000,0.044,340
1503363600000,0.045,488
1503450000000,0.045,563
1503536400000,0.046,381
1503622800000,0.048,482
1503709200000,0.046,403
1503795600000,0.049,412
1503882000000,0.046,426
1503968400000,0.048,440
1504054800000,0.047,366
1504141200000,0.045,300
1504227600000,0.045,397
1504314000000,0.047,445
1504400400000,0.045,493
1504486800000,0.044,401
1504573200000,0.047,323
1504659600000,0.047,431
1504746000000,0.047,698
1504832400000,0.048,385
1504918800000,0.048,471
1505005200000,0.048,452
1505091600000,0.048,392
1505178000000,0.046,413
1505264400000,0.051,399
1505350800000,0.046,371
1505437200000,0.045,422
1505523600000,0.047,605
1505610000000,0.044,585
1505696400000,0.043,435
1505782800000,0.044,340
1505869200000,0.051,469
1505955600000,0.046,349
1506042000000,0.049,443
1506128400000,0.046,529
1506214800000,0.046,524
1506301200000,0.047,353
1506387600000,0.046,271
1506474000000,0.05,372
1506560400000,0.046,283
1506646800000,0.046,358
1506733200000,0.046,529
1506819600000,0.046,422
1506906000000,0.05,307
1506992400000,0.043,280
1507078800000,0.044,298
1507165200000,0.043,312
1507251600000,0.046,377
1507338000000,0.045,443
1507424400000,0.045,418
1507510800000,0.046,371
1507597200000,0.043,270
1507683600000,0.046,296
1507770000000,0.045,292
1507856400000,0.044,330
1507942800000,0.043,365
1508029200000,0.046,378
1508115600000,0.046,346
1508202000000,0.044,220
1508288400000,0.044,277
1508374800000,0.04,300
1508461200000,0.043,455
1508547600000,0.044,409
1508634000000,0.048,723
1508720400000,0.048,267
1508806800000,0.047,253
1508893200000,0.043,271
1508979600000,0.043,310
1509066000000,0.038,423
1509152400000,0.038,380
1509238800000,0.041,592
1509325200000,0.039,412
1509411600000,0.04,380
1509498000000,0.04,375
1509584400000,0.042,347
1509670800000,0.041,419
1509757200000,0.039,318
1509843600000,0.039,337
1509930000000,0.038,297
1510016400000,0.037,208
1510102800000,0.044,276
1510189200000,0.041,244
1510275600000,0.04,242
1510362000000,0.042,387
1510448400000,0.042,311
1510534800000,0.042,262
1510621200000,0.042,274
1510707600000,0.041,283
1510794000000,0.038,301
1510880400000,0.038,264
1510966800000,0.039,324
1511053200000,0.039,336
1511139600000,0.039,265
1511226000000,0.038,235
1511312400000,0.037,309
1511398800000,0.035,417
1511485200000,0.033,415
1511571600000,0.035,417
1511658000000,0.033,437
1511744400000,0.032,225
1511830800000,0.03,202
1511917200000,0.035,366
1512003600000,0.035,246
1512090000000,0.038,201
1512176400000,0.037,271
1512262800000,0.035,270
1512349200000,0.035,192
1512435600000,0.038,197
1512522000000,0.034,241
1512608400000,0.038,234
1512694800000,0.038,293
1512781200000,0.038,284
1512867600000,0.037,280
1512954000000,0.036,216
1513040400000,0.036,177
1513126800000,0.035,217
1513213200000,0.036,211
1513299600000,0.038,273
1513386000000,0.037,255
1513472400000,0.037,233
1513558800000,0.032,191
1513645200000,0.037,361
1513731600000,0.033,253
1513818000000,0.033,243
1513904400000,0.03,366
1513990800000,0.032,370
1514077200000,0.032,389
1514163600000,0.034,350
1514250000000,0.033,346
1514336400000,0.031,400
1514422800000,0.033,466
1514509200000,0.035,381
1514595600000,0.034,436
1514682000000,0.038,320
1514768400000,0.035,496
1514854800000,0.035,404
1514941200000,0.035,514
1515027600000,0.033,496
1515114000000,0.039,348
1515200400000,0.043,520
1515286800000,0.04,488
1515373200000,0.043,482
1515459600000,0.038,331
1515546000000,0.038,283
1515632400000,0.038,248
1515718800000,0.036,413
1515805200000,0.037,406
1515891600000,0.034,377
1515978000000,0.035,382
1516064400000,0.038,386
1516150800000,0.035,294
1516237200000,0.033,349
1516323600000,0.036,422
1516410000000,0.036,422
1516496400000,0.038,450
1516582800000,0.036,351
1516669200000,0.041,566
1516755600000,0.038,370
1516842000000,0.04,495
1516928400000,0.04,373
1517014800000,0.034,410
1517101200000,0.033,458
1517187600000,0.034,391
1517274000000,0.035,305
1517360400000,0.034,334
1517446800000,0.034,399
1517533200000,0.037,337
1517619600000,0.036,405
1517706000000,0.038,480
1517792400000,0.037,343
1517878800000,0.037,325
1517965200000,0.036,337
1518051600000,0.036,254
1518138000000,0.088,291
1518224400000,0.037,394
1518310800000,0.037,383
1518397200000,0.036,323
1518483600000,0.034,264
1518570000000,0.04,351
1518656400000,0.039,391
1518742800000,0.035,472
1518829200000,0.038,666
1518915600000,0.036,522
1519002000000,0.038,467
1519088400000,0.038,422
1519174800000,0.043,465
1519261200000,0.04,574
1519347600000,0.041,427
1519434000000,0.039,584
1519520400000,0.041,480
1519606800000,0.039,422
1519693200000,0.04,422
1519779600000,0.039,429
1519866000000,0.04,414
1519952400000,0.039,533
1520038800000,0.038,521
1520125200000,0.04,507
1520211600000,0.036,372
1520298000000,0.037,361
1520384400000,0.042,450
1520470800000,0.041,314
1520557200000,0.038,353
1520643600000,0.04,548
1520730000000,0.039,400
1520816400000,0.042,417
1520902800000,0.04,363
1520989200000,0.039,315
1521075600000,0.04,415
1521162000000,0.04,275
1521248400000,0.042,541
1521334800000,0.041,488
1521421200000,0.042,294
1521507600000,0.041,284
1521594000000,0.04,377
1521680400000,0.042,334
1521766800000,0.04,432
1521853200000,0.04,458
1521939600000,0.039,477
1522026000000,0.039,314
1522112400000,0.039,309
1522198800000,0.038,313
1522285200000,0.036,372
1522371600000,0.037,373
1522458000000,0.036,384
1522544400000,0.04,375
1522630800000,0.038,379
1522717200000,0.043,354
1522803600000,0.038,338
1522890000000,0.042,407
1522976400000,0.037,240
1523062800000,0.039,382
1523149200000,0.039,286
1523235600000,0.039,258
1523322000000,0.039,242
1523408400000,0.039,209
1523494800000,0.038,251
1523581200000,0.045,268
1523667600000,0.04,315
1523754000000,0.039,369
1523840400000,0.041,215
1523926800000,0.038,210
1524013200000,0.038,217
1524099600000,0.038,275
1524186000000,0.04,233
1524272400000,0.038,221
1524358800000,0.038,293
1524445200000,0.037,206
1524531600000,0.04,216
1524618000000,0.04,236
1524704400000,0.039,278
1524790800000,0.039,265
1524877200000,0.04,299
1524963600000,0.039,234
1525050000000,0.036,270
1525136400000,0.041,239
1525222800000,0.039,213
1525309200000,0.036,231
1525395600000,0.039,228
1525482000000,0.04,264
1525568400000,0.038,242
1525654800000,0.038,233
1525741200000,0.041,223
1525827600000,0.039,219
1525914000000,0.037,257
1526000400000,0.038,219
1526086800000,0.039,283
1526173200000,0.039,239
1526259600000,0.042,184
1526346000000,0.037,199
1526432400000,0.036,229
1526518800000,0.038,203
1526605200000,0.036,237
1526691600000,0.035,286
1526778000000,0.036,257
1526864400000,0.034,220
1526950800000,0.039,269
1527037200000,0.039,161
1527123600000,0.035,174
1527210000000,0.036,245
1527296400000,0.035,219
1527382800000,0.037,223
1527469200000,0.037,213
1527555600000,0.037,204
1527642000000,0.037,206
1527728400000,0.036,247
1527814800000,0.037,348
1527901200000,0.036,247
1527987600000,0.038,285
1528074000000,0.039,200
1528160400000,0.039,236
1528246800000,0.035,250
1528333200000,0.037,254
1528419600000,0.034,246
1528506000000,0.036,211
1528592400000,0.034,315
1528678800000,0.039,198
1528765200000,0.035,178
1528851600000,0.032,175
1528938000000,0.032,162
1529024400000,0.035,282
1529110800000,0.035,226
1529197200000,0.032,208
1529283600000,0.033,233
1529370000000,0.031,215
1529456400000,0.031,257
1529542800000,0.031,322
1529629200000,0.03,500
1529715600000,0.03,456
1529802000000,0.03,392
1529888400000,0.03,332
1529974800000,0.03,301
1530061200000,0.03,254
1530147600000,0.03,205
1530234000000,0.03,364
1530320400000,0.03,236
1530406800000,0.03,282
1530493200000,0.03,232
1530579600000,0.031,350
1530666000000,0.03,265
1530752400000,0.03,279
1530838800000,0.032,249
1530925200000,0.032,232
1531011600000,0.034,217
1531098000000,0.034,221
1531184400000,0.035,212
1531270800000,0.037,238
1531357200000,0.035,275
1531443600000,0.037,242
1531530000000,0.035,164
1531616400000,0.035,251
1531702800000,0.037,288
1531789200000,0.035,257
1531875600000,0.036,320
1531962000000,0.036,275
1532048400000,0.037,239
1532134800000,0.038,199
1532221200000,0.035,184
1532307600000,0.036,254
1532394000000,0.036,253
1532480400000,0.036,210
1532566800000,0.036,229
1532653200000,0.035,195
1532739600000,0.035,168
1532826000000,0.038,233
1532912400000,0.036,223
1532998800000,0.036,199
1533085200000,0.042,247
1533171600000,0.041,211
1533258000000,0.043,269
1533344400000,0.042,226
1533430800000,0.04,258
1533517200000,0.043,346
1533603600000,0.044,315
1533690000000,0.043,270
1533776400000,0.042,321
1533862800000,0.042,334
1533949200000,0.04,304
1534035600000,0.042,292
1534122000000,0.041,452
1534208400000,0.04,235
1534294800000,0.041,305
1534381200000,0.04,248
1534467600000,0.043,292
1534554000000,0.04,255
1534640400000,0.042,271
1534726800000,0.039,253
1534813200000,0.041,265
1534899600000,0.042,269
1534986000000,0.043,259
1535072400000,0.041,353
1535158800000,0.045,235
1535245200000,0.045,217
1535331600000,0.044,339
1535418000000,0.043,229
1535504400000,0.043,329
1535590800000,0.041,300
1535677200000,0.043,270
1535763600000,0.041,390
1535850000000,0.041,326
1535936400000,0.046,219
1536022800000,1.018,214
1536109200000,0.041,190
1536195600000,0.044,342
1536282000000,0.047,248
1536368400000,0.043,404
1536454800000,0.044,296
1536541200000,0.041,254
1536627600000,0.043,223
1536714000000,0.041,297
1536800400000,0.045,206
1536886800000,0.043,268
1536973200000,0.042,297
1537059600000,0.043,381
1537146000000,0.041,200
1537232400000,0.043,272
1537318800000,0.045,278
1537405200000,0.046,303
1537491600000,0.046,205
1537578000000,0.045,557
1537664400000,0.042,419
1537750800000,0.042,267
1537837200000,0.043,229
1537923600000,0.043,202
1538010000000,0.043,219
1538096400000,0.047,251
1538182800000,0.045,241
1538269200000,0.043,259
1538355600000,0.045,190
1538442000000,0.043,212
1538528400000,0.044,269
1538614800000,0.041,273
1538701200000,0.044,348
1538787600000,0.051,715
1538874000000,0.051,410
1538960400000,0.048,330
1539046800000,0.05,350
1539133200000,0.048,310
1539219600000,0.058,537
1539306000000,0.059,408
1539392400000,0.074,674
1539478800000,0.073,396
1539565200000,0.075,450
1539651600000,0.074,361
1539738000000,0.079,391
1539824400000,0.08,341
1539910800000,0.081,488
1539997200000,0.073,465
1540083600000,0.075,418
1540170000000,0.065,329
1540256400000,0.067,273
1540342800000,0.069,294
1540429200000,0.065,278
1540515600000,0.065,358
1540602000000,0.067,418
1540688400000,0.063,317
1540774800000,0.059,319
1540861200000,0.053,300
1540947600000,0.052,350
1541034000000,0.054,460
1541120400000,0.052,365
1541206800000,0.055,371
1541293200000,0.054,333
1541379600000,0.053,348
1541466000000,0.059,213
1541552400000,0.051,257
1541638800000,0.056,352
1541725200000,0.054,280
1541811600000,0.054,297
1541898000000,0.053,320
1541984400000,0.054,224
1542070800000,0.056,249
1542157200000,0.057,367
1542243600000,0.06,390
1542330000000,0.06,400
1542416400000,0.056,437
1542502800000,0.054,348
1542589200000,0.054,202
1542675600000,0.05,204
1542762000000,0.048,271
1542848400000,0.044,309
1542934800000,0.041,351
1543021200000,0.042,429
1543107600000,0.043,429
1543194000000,0.044,315
1543280400000,0.042,287
1543366800000,0.044,303
1543453200000,0.044,318
1543539600000,0.048,427
1543626000000,0.047,320
1543712400000,0.045,388
1543798800000,0.045,226
1543885200000,0.043,256
1543971600000,0.048,258
1544058000000,0.046,313
1544144400000,0.05,487
1544230800000,0.049,413
1544317200000,0.047,473
1544403600000,0.053,390
1544490000000,0.053,343
1544576400000,0.053,415
1544662800000,0.051,416
1544749200000,0.049,362
1544835600000,0.053,530
1544922000000,0.049,319
1545008400000,0.049,386
1545094800000,0.047,349
1545181200000,0.047,441
1545267600000,0.044,325
1545354000000,0.043,529
1545440400000,0.042,461
1545526800000,0.041,464
1545613200000,0.041,359
1545699600000,0.04,395
1545786000000,0.043,714
1545872400000,0.045,455
1545958800000,0.045,259
1546045200000,0.042,391
1546131600000,0.043,526
1546218000000,0.047,585
1546304400000,0.047,424
1546390800000,0.045,518
1546477200000,0.047,411
1546563600000,0.051,659
1546650000000,0.052,371
1546736400000,0.055,355
1546822800000,0.056,387
1546909200000,0.055,415
1546995600000,0.058,489
1547082000000,0.055,370
1547168400000,0.056,475
1547254800000,0.054,517
1547341200000,0.058,469
1547427600000,0.059,503
1547514000000,0.06,387
1547600400000,0.055,344
1547686800000,0.057,490
1547773200000,0.06,474
1547859600000,0.06,471
1547946000000,0.056,447
1548032400000,0.054,386
1548118800000,0.058,298
1548205200000,0.064,380
1548291600000,0.067,366
1548378000000,0.06,354
1548464400000,0.061,637
1548550800000,0.055,363
1548637200000,0.053,351
1548723600000,0.06,425
1548810000000,0.067,701
1548896400000,0.072,435
1548982800000,0.064,345
1549069200000,0.064,431
1549155600000,0.064,433
1549242000000,0.06,404
1549328400000,0.058,445
1549414800000,0.06,525
1549501200000,0.054,373
1549587600000,0.051,419
1549674000000,0.053,474
1549760400000,0.052,527
1549846800000,0.054,439
1549933200000,0.055,498
1550019600000,0.053,345
1550106000000,0.053,251
1550192400000,0.057,453
1550278800000,0.066,405
1550365200000,0.061,355
1550451600000,0.065,306
1550538000000,0.067,286
1550624400000,0.066,366
1550710800000,0.068,297
1550797200000,0.065,334
1550883600000,0.067,428
1550970000000,0.065,405
1551056400000,0.066,380
1551142800000,0.066,416
1551229200000,0.064,372
1551315600000,0.068,324
1551402000000,0.068,331
1551488400000,0.066,603
1551574800000,0.056,447
1551661200000,0.052,372
1551747600000,0.051,386
1551834000000,0.055,406
1551920400000,0.056,415
1552006800000,0.062,474
1552093200000,0.063,505
1552179600000,0.073,648
1552266000000,0.071,302
1552352400000,0.067,298
1552438800000,0.076,419
1552525200000,0.069,381
1552611600000,0.077,509
1552698000000,0.075,489
1552784400000,0.071,587
1552870800000,0.076,612
1552957200000,0.079,395
1553043600000,0.076,430
1553130000000,0.076,362
1553216400000,0.071,454
1553302800000,0.069,623
1553389200000,0.069,503
1553475600000,0.067,414
1553562000000,0.068,366
1553648400000,0.069,440
1553734800000,0.065,378
1553821200000,0.066,564
1553907600000,0.063,550
1553994000000,0.063,517
1554080400000,0.063,478
1554166800000,0.063,348
1554253200000,0.062,405
1554339600000,0.062,409
1554426000000,0.063,336
1554512400000,0.064,570
1554598800000,0.061,417
1554685200000,0.065,460
1554771600000,0.066,360
1554858000000,0.063,408
1554944400000,0.064,433
1555030800000,0.073,482
1555117200000,0.082,430
1555203600000,0.074,437
1555290000000,0.065,346
1555376400000,0.065,228
1555462800000,0.064,378
1555549200000,0.067,370
1555635600000,0.066,433
1555722000000,0.064,347
1555808400000,0.066,426
1555894800000,0.071,462
1555981200000,0.071,406
1556067600000,0.07,294
1556154000000,0.071,396
1556240400000,0.068,279
1556326800000,0.07,473
1556413200000,0.068,409
1556499600000,0.066,274
1556586000000,0.064,313
1556672400000,0.067,464
1556758800000,0.07,324
1556845200000,0.074,538
1556931600000,0.08,480
1557018000000,0.069,380
1557104400000,0.071,338
1557190800000,0.075,294
1557277200000,0.069,418
1557363600000,0.066,387
1557450000000,0.068,349
1557536400000,0.071,409
1557622800000,0.07,374
1557709200000,0.068,273
1557795600000,0.072,254
1557882000000,0.071,312
1557968400000,0.077,300
1558054800000,0.078,298
1558141200000,0.072,392
1558227600000,0.071,411
1558314000000,0.073,354
1558400400000,0.075,296
1558486800000,0.075,345
1558573200000,0.075,341
1558659600000,0.078,385
1558746000000,0.077,433
1558832400000,0.08,484
1558918800000,0.078,318
1559005200000,0.075,305
1559091600000,0.082,507
1559178000000,0.081,430
1559264400000,0.076,358
1559350800000,0.082,426
1559437200000,0.078,345
1559523600000,0.085,317
1559610000000,0.089,373
1559696400000,0.08,341
1559782800000,0.08,412
1559869200000,0.077,328
1559955600000,0.081,382
1560042000000,0.08,431
1560128400000,0.083,537
1560214800000,0.09,438
1560301200000,0.089,383
1560387600000,0.088,396
1560474000000,0.094,359
1560560400000,0.093,444
1560646800000,0.095,364
1560733200000,0.093,433
1560819600000,0.095,427
1560906000000,0.092,425
1560992400000,0.09,434
1561078800000,0.088,350
1561165200000,0.096,430
1561251600000,0.099,436
1561338000000,0.098,390
1561424400000,0.099,485
1561510800000,0.089,568
1561597200000,0.082,550
1561683600000,0.082,614
1561770000000,0.081,520
1561856400000,0.076,438
1561942800000,0.074,450
1562029200000,0.075,448
1562115600000,0.077,473
1562202000000,0.085,992
1562288400000,0.092,628
1562374800000,0.096,391
1562461200000,0.104,492
1562547600000,0.099,443
1562634000000,0.1,519
1562720400000,0.099,358
1562806800000,0.096,303
1562893200000,0.103,699
1562979600000,0.101,345
1563066000000,0.102,320
1563152400000,0.097,314
1563238800000,0.101,362
1563325200000,0.105,353
1563411600000,0.102,372
1563498000000,0.099,354
1563584400000,0.098,345
1563670800000,0.097,269
1563757200000,0.095,314
1563843600000,0.097,297
1563930000000,0.096,393
1564016400000,0.098,378
1564102800000,0.098,375
1564189200000,0.102,384
1564275600000,0.104,308
1564362000000,0.104,403
1564448400000,0.103,293
1564534800000,0.107,423
1564621200000,0.104,323
1564707600000,0.098,288
1564794000000,0.095,276
1564880400000,0.098,611
1564966800000,0.1,294
1565053200000,0.094,266
1565139600000,0.097,404
1565226000000,0.096,436
1565312400000,0.095,317
1565398800000,0.097,297
1565485200000,0.096,377
1565571600000,0.098,411
1565658000000,0.098,289
1565744400000,0.094,382
1565830800000,0.091,263
1565917200000,0.092,304
1566003600000,0.095,433
1566090000000,0.093,304
1566176400000,0.093,343
1566262800000,0.093,331
1566349200000,0.09,330
1566435600000,0.091,316
1566522000000,0.088,276
1566608400000,0.083,430
1566694800000,0.085,504
1566781200000,0.083,432
1566867600000,0.085,337
1566954000000,0.086,357
1567040400000,0.085,478
1567126800000,0.084,406
1567213200000,0.087,403
1567299600000,0.089,343
1567386000000,0.085,353
1567472400000,0.091,274
1567558800000,0.09,288
1567645200000,0.09,323
1567731600000,0.086,342
1567818000000,0.086,470
1567904400000,0.08,494
1567990800000,0.081,560
1568077200000,0.083,509
1568163600000,0.082,458
1568250000000,0.083,414
1568336400000,0.082,513
1568422800000,0.081,509
1568509200000,0.083,493
1568595600000,0.081,336
1568682000000,0.082,301
1568768400000,0.083,374
1568854800000,0.08,260
1568941200000,0.081,443
1569027600000,0.088,620
1569114000000,0.084,379
1569200400000,0.087,475
1569286800000,0.083,294
1569373200000,0.086,449
1569459600000,0.089,435
1569546000000,0.092,405
1569632400000,0.092,415
1569718800000,0.091,344
1569805200000,0.092,315
1569891600000,0.095,381
1569978000000,0.097,372
1570064400000,0.096,445
1570150800000,0.098,494
1570237200000,0.096,514
1570323600000,0.101,453
1570410000000,0.102,473
1570496400000,0.1,328
1570582800000,0.101,317
1570669200000,0.096,355
1570755600000,0.096,428
1570842000000,0.097,417
1570928400000,0.097,405
1571014800000,0.097,357
1571101200000,0.097,391
1571187600000,0.101,360
1571274000000,0.098,299
1571360400000,0.096,387
1571446800000,0.088,677
1571533200000,0.087,702
1571619600000,0.086,570
1571706000000,0.089,523
1571792400000,0.091,422
1571878800000,0.084,386
1571965200000,0.089,612
1572051600000,0.094,517
1572138000000,0.095,412
1572224400000,0.088,303
1572310800000,0.089,451
1572397200000,0.092,465
1572483600000,0.087,402
1572570000000,0.084,361
1572656400000,0.087,446
1572742800000,0.09,369
1572829200000,0.088,350
1572915600000,0.09,388
1573002000000,0.09,384
1573088400000,0.086,333
1573174800000,0.087,501
1573261200000,0.091,491
1573347600000,0.089,506
1573434000000,0.082,313
1573520400000,0.087,317
1573606800000,0.08,287
1573693200000,0.082,351
1573779600000,0.09,351
1573866000000,0.084,358
1573952400000,0.088,487
1574038800000,0.089,910
1574125200000,0.075,2740
1574211600000,0.076,570
1574298000000,0.073,549
1574384400000,0.079,498
1574470800000,0.076,657
1574557200000,0.074,437
1574643600000,0.076,429
1574730000000,0.08,426
1574816400000,0.075,773
1574902800000,0.074,543
1574989200000,0.075,449
1575075600000,0.078,718
1575162000000,0.079,735
1575248400000,0.084,1341
1575334800000,0.089,425
1575421200000,0.092,460
1575507600000,0.095,411
1575594000000,0.091,396
1575680400000,0.098,579
1575766800000,0.098,423
1575853200000,0.103,436
1575939600000,0.103,602
1576026000000,0.101,452
1576112400000,0.102,422
1576198800000,0.104,498
1576285200000,0.102,554
1576371600000,0.103,545
1576458000000,0.102,390
1576544400000,0.105,435
1576630800000,0.11,733
1576717200000,0.106,390
1576803600000,0.102,742
1576890000000,0.096,605
1576976400000,0.096,534
1577062800000,0.098,556
1577149200000,0.102,552
1577235600000,0.103,474
1577322000000,0.102,561
1577408400000,0.104,561
1577494800000,0.108,627
1577581200000,0.104,501
1577667600000,0.104,452
1577754000000,0.109,526
1577840400000,0.107,453
1577926800000,0.106,441
1578013200000,0.111,475
1578099600000,0.117,668
1578186000000,0.119,519
1578272400000,0.121,581
1578358800000,0.12,453
1578445200000,0.119,646
1578531600000,0.123,680
1578618000000,0.124,521
1578704400000,0.124,407
1578790800000,0.122,442
1578877200000,0.126,447
1578963600000,0.127,392
1579050000000,0.121,386
1579136400000,0.121,393
1579222800000,0.126,676
1579309200000,0.123,524
1579395600000,0.118,555
1579482000000,0.125,392
1579568400000,0.125,382
1579654800000,0.121,441
1579741200000,0.119,413
1579827600000,0.117,561
1579914000000,0.116,477
1580000400000,0.118,691
1580086800000,0.116,555
1580173200000,0.115,335
1580259600000,0.118,554
1580346000000,0.124,574
1580432400000,0.129,563
1580518800000,0.136,738
1580605200000,0.139,683
1580691600000,0.15,554
1580778000000,0.157,593
1580864400000,0.166,717
1580950800000,0.156,464
1581037200000,0.152,528
1581123600000,0.148,591
1581210000000,0.142,613
1581296400000,0.142,478
1581382800000,0.146,630
1581469200000,0.152,575
1581555600000,0.158,626
1581642000000,0.162,562
1581728400000,0.171,672
1581814800000,0.182,570
1581901200000,0.172,506
1581987600000,0.225,872
1582074000000,0.197,576
1582160400000,0.183,525
1582246800000,0.187,563
1582333200000,0.183,798
1582419600000,0.193,567
1582506000000,0.182,508
1582592400000,0.178,749
1582678800000,0.17,660
1582765200000,0.165,597
1582851600000,0.178,765
1582938000000,0.186,876
1583024400000,0.192,640
1583110800000,0.194,582
1583197200000,0.199,540
1583283600000,0.214,823
1583370000000,0.209,646
1583456400000,0.201,687
1583542800000,0.208,648
1583629200000,0.205,615
1583715600000,0.197,594
1583802000000,0.205,463
1583888400000,0.202,584
1583974800000,0.207,604
1584061200000,0.193,624
1584147600000,0.192,577
1584234000000,0.191,782
1584320400000,0.184,423
1584406800000,0.177,651
1584493200000,0.175,691
1584579600000,0.175,803
1584666000000,0.169,696
1584752400000,0.171,570
1584838800000,0.173,580
1584925200000,0.164,471
1585011600000,0.152,508
1585098000000,0.151,582
1585184400000,0.15,679
1585270800000,0.145,742
1585357200000,0.148,722
1585443600000,0.153,767
1585530000000,0.147,353
1585616400000,0.147,781
1585702800000,0.144,976
1585789200000,0.143,1018
1585875600000,0.134,898
1585962000000,0.136,868
1586048400000,0.139,774
1586134800000,0.139,710
1586221200000,0.141,909
1586307600000,0.145,1172
1586394000000,0.148,901
1586480400000,0.149,815
1586566800000,0.145,798
1586653200000,0.147,677
1586739600000,0.144,719
1586826000000,0.138,664
1586912400000,0.129,858
1586998800000,0.127,901
1587085200000,0.127,850
1587171600000,0.126,850
1587258000000,0.127,890
1587344400000,0.125,836
1587430800000,0.123,704
1587517200000,0.122,820
1587603600000,0.12,765
1587690000000,0.121,772
1587776400000,0.12,791
1587862800000,0.119,831
1587949200000,0.116,786
1588035600000,0.113,642
1588122000000,0.108,695
1588208400000,0.108,879
1588294800000,0.113,782
1588381200000,0.112,742
1588467600000,0.114,838
1588554000000,0.112,616
1588640400000,0.117,936
1588726800000,0.12,951
1588813200000,0.12,690
1588899600000,0.117,695
1588986000000,0.113,578
1589072400000,0.116,811
1589158800000,0.117,801
1589245200000,0.116,660
1589331600000,0.115,862
1589418000000,0.116,786
1589504400000,0.118,732
1589590800000,0.123,704
1589677200000,0.123,619
1589763600000,0.124,659
1589850000000,0.125,625
1589936400000,0.127,654
1590022800000,0.127,721
1590109200000,0.13,638
1590195600000,0.125,595
1590282000000,0.123,653
1590368400000,0.12,443
1590454800000,0.113,646
1590541200000,0.109,658
1590627600000,0.106,688
1590714000000,0.108,628
1590800400000,0.108,568
1590886800000,0.111,583
1590973200000,0.115,524
1591059600000,0.118,508
1591146000000,0.121,516
1591232400000,0.123,521
1591318800000,0.121,482
1591405200000,0.123,749
1591491600000,0.124,497
1591578000000,0.122,426
1591664400000,0.12,454
1591750800000,0.121,593
1591837200000,0.122,613
1591923600000,0.122,451
1592010000000,0.12,467
1592096400000,0.122,486
1592182800000,0.121,515
1592269200000,0.122,468
1592355600000,0.119,498
1592442000000,0.119,466
1592528400000,0.119,449
1592614800000,0.115,432
1592701200000,0.117,519
1592787600000,0.118,480
1592874000000,0.118,483
1592960400000,0.118,518
1593046800000,0.118,572
1593133200000,0.111,822
1593219600000,0.108,545
1593306000000,0.111,702
1593392400000,0.11,813
1593478800000,0.114,536
1593565200000,0.118,695
1593651600000,0.117,639
1593738000000,0.117,647
1593824400000,0.117,583
1593910800000,0.119,621
1593997200000,0.116,534
1594083600000,0.117,509
1594170000000,0.117,583
1594256400000,0.117,582
1594342800000,0.12,498
1594429200000,0.121,381
1594515600000,0.122,591
1594602000000,0.123,540
1594688400000,0.115,507
1594774800000,0.117,510
1594861200000,0.119,729
1594947600000,0.12,459
1595034000000,0.12,568
1595120400000,0.122,430
1595206800000,0.124,447
1595293200000,0.125,385
1595379600000,0.123,539
1595466000000,0.125,640
1595552400000,0.129,382
1595638800000,0.129,386
1595725200000,0.128,412
1595811600000,0.127,448
1595898000000,0.128,530
1595984400000,0.132,568
1596070800000,0.13,453
1596157200000,0.134,458
1596243600000,0.131,446
1596330000000,0.131,491
1596416400000,0.131,525
1596502800000,0.128,367
1596589200000,0.126,514
1596675600000,0.131,480
1596762000000,0.129,465
1596848400000,0.126,443
1596934800000,0.126,487
1597021200000,0.124,477
1597107600000,0.125,523
1597194000000,0.125,629
1597280400000,0.12,429
1597366800000,0.121,485
1597453200000,0.122,421
1597539600000,0.122,679
1597626000000,0.12,415
1597712400000,0.119,424
1597798800000,0.12,637
1597885200000,0.115,583
1597971600000,0.116,541
1598058000000,0.119,521
1598144400000,0.118,462
1598230800000,0.117,415
1598317200000,0.111,419
1598403600000,0.109,472
1598490000000,0.108,545
1598576400000,0.109,406
1598662800000,0.105,411
1598749200000,0.104,431
1598835600000,0.101,381
1598922000000,0.102,390
1599008400000,0.103,410
1599094800000,0.102,391
1599181200000,0.096,379
1599267600000,0.097,433
1599354000000,0.096,439
1599440400000,0.097,440
1599526800000,0.101,640
1599613200000,0.099,544
1599699600000,0.098,498
1599786000000,0.098,448
1599872400000,0.102,664
1599958800000,0.1,526
1600045200000,0.097,403
1600131600000,0.098,417
1600218000000,0.099,502
1600304400000,0.1,488
1600390800000,0.1,460
1600477200000,0.1,562
1600563600000,0.104,579
1600650000000,0.105,497
1600736400000,0.104,411
1600822800000,0.102,449
1600909200000,0.107,591
1600995600000,0.106,618
1601082000000,0.102,550
1601168400000,0.102,521
1601254800000,0.107,375
1601341200000,0.106,381
1601427600000,0.109,637
1601514000000,0.103,450
1601600400000,0.101,435
1601686800000,0.104,464
1601773200000,0.109,445
1601859600000,0.11,430
1601946000000,0.114,439
1602032400000,0.11,402
1602118800000,0.107,485
1602205200000,0.105,370
1602291600000,0.107,433
1602378000000,0.107,527
1602464400000,0.109,529
1602550800000,0.106,445
1602637200000,0.106,475
1602723600000,0.11,487
1602810000000,0.108,541
1602896400000,0.108,420
1602982800000,0.11,433
1603069200000,0.111,414
1603155600000,0.108,421
1603242000000,0.108,478
1603328400000,0.106,390
1603414800000,0.113,540
1603501200000,0.107,457
1603587600000,0.105,450
1603674000000,0.104,333
1603760400000,0.105,488
1603846800000,0.106,525
1603933200000,0.107,610
1604019600000,0.105,452
1604106000000,0.104,452
1604192400000,0.103,480
1604278800000,0.103,418
1604365200000,0.101,454
1604451600000,0.097,427
1604538000000,0.098,526
1604624400000,0.098,446
1604710800000,0.097,470
1604797200000,0.1,479
1604883600000,0.102,396
1604970000000,0.101,434
1605056400000,0.103,419
1605142800000,0.104,507
1605229200000,0.11,613
1605315600000,0.104,429
1605402000000,0.104,420
1605488400000,0.102,372
1605574800000,0.104,398
1605661200000,0.101,475
1605747600000,0.105,648
1605834000000,0.102,495
1605920400000,0.1,446
1606006800000,0.102,460
1606093200000,0.099,412
1606179600000,0.101,406
1606266000000,0.098,576
1606352400000,0.096,871
1606438800000,0.092,560
1606525200000,0.089,580
1606611600000,0.089,805
1606698000000,0.087,528
1606784400000,0.085,479
1606870800000,0.086,542
1606957200000,0.09,662
1607043600000,0.102,1466
1607130000000,0.118,1146
1607216400000,0.13,1040
1607302800000,0.132,780
1607389200000,0.129,723
1607475600000,0.129,808
1607562000000,0.134,854
1607648400000,0.133,757
1607734800000,0.145,1284
1607821200000,0.159,727
1607907600000,0.162,664
1607994000000,0.158,525
1608080400000,0.16,674
1608166800000,0.158,656
1608253200000,0.166,665
1608339600000,0.173,788
1608426000000,0.173,664
1608512400000,0.181,650
1608598800000,0.182,558
1608685200000,0.167,831
1608771600000,0.158,695
1608858000000,0.154,589
1608944400000,0.152,679
1609030800000,0.152,509
1609117200000,0.155,746
1609203600000,0.166,679
1609290000000,0.167,808
1609376400000,0.159,706
1609462800000,0.17,754
1609549200000,0.175,737
1609635600000,0.181,923
1609722000000,0.189,760
1609808400000,0.191,641
1609894800000,0.182,577
1609981200000,0.176,650
1610067600000,0.182,661
1610154000000,0.18,634
1610240400000,0.186,636
1610326800000,0.187,515
1610413200000,0.188,579
1610499600000,0.188,616
1610586000000,0.188,609
1610672400000,0.185,609
1610758800000,0.191,786
1610845200000,0.191,649
1610931600000,0.197,642
1611018000000,0.193,576
1611104400000,0.192,763
1611190800000,0.193,741
1611277200000,0.189,676
1611363600000,0.188,693
1611450000000,0.193,678
1611536400000,0.192,694
1611622800000,0.188,490
1611709200000,0.192,816
1611795600000,0.183,913
1611882000000,0.173,684
1611968400000,0.163,719
1612054800000,0.165,755
1612141200000,0.174,600
1612227600000,0.174,513
1612314000000,0.172,655
1612400400000,0.175,658
1612486800000,0.189,926
1612573200000,0.199,709
1612659600000,0.198,590
1612746000000,0.193,454
1612832400000,0.184,525
1612918800000,0.17,734
1613005200000,0.166,703
1613091600000,0.163,876
1613178000000,0.172,891
1613264400000,0.17,640
1613350800000,0.169,670
1613437200000,0.168,640
1613523600000,0.171,809
1613610000000,0.166,700
1613696400000,0.174,735
1613782800000,0.18,667
1613869200000,0.181,630
1613955600000,0.188,583
1614042000000,0.185,585
1614128400000,0.185,645
1614214800000,0.176,734
1614301200000,0.179,650
1614387600000,0.178,775
1614474000000,0.184,710
1614560400000,0.186,591
1614646800000,0.191,598
1614733200000,0.186,650
1614819600000,0.183,703
1614906000000,0.192,1041
1614992400000,0.203,1061
1615078800000,0.218,891
1615165200000,0.218,627
1615251600000,0.214,682
1615338000000,0.217,739
1615424400000,0.221,789
1615510800000,0.227,819
1615597200000,0.239,874
1615683600000,0.248,692
1615770000000,0.236,593
1615856400000,0.223,484
1615942800000,0.224,891
1616029200000,0.22,824
1616115600000,0.216,851
1616202000000,0.227,882
1616288400000,0.219,865
1616374800000,0.231,756
1616461200000,0.254,936
1616547600000,0.275,904
1616634000000,0.271,749
1616720400000,0.267,808
1616806800000,0.272,735
1616893200000,0.277,743
1616979600000,0.281,793
1617066000000,0.281,821
1617152400000,0.293,772
1617238800000,0.298,768
1617325200000,0.293,815
1617411600000,0.294,868
1617498000000,0.286,536
1617584400000,0.279,806
1617670800000,0.283,650
1617757200000,0.254,672
1617843600000,0.244,966
1617930000000,0.231,972
1618016400000,0.214,916
1618102800000,0.213,822
1618189200000,0.212,601
1618275600000,0.215,632
1618362000000,0.233,408
1618448400000,0.248,926
1618534800000,0.252,1099
1618621200000,0.252,684
1618707600000,0.247,580
1618794000000,0.243,501
1618880400000,0.248,516
1618966800000,0.253,657
1619053200000,0.253,685
1619139600000,0.266,626
1619226000000,0.258,732
1619312400000,0.26,635
1619398800000,0.266,651
1619485200000,0.268,469
1619571600000,0.268,716
1619658000000,0.272,716
1619744400000,0.284,868
1619830800000,0.297,668
1619917200000,0.294,572
1620003600000,0.281,649
1620090000000,0.299,679
1620176400000,0.31,974
1620262800000,0.321,930
1620349200000,0.32,804
1620435600000,0.302,586
1620522000000,0.314,726
1620608400000,0.317,567
1620694800000,0.32,624
1620781200000,0.317,750
1620867600000,0.312,766
1620954000000,0.307,637
1621040400000,0.301,685
1621126800000,0.3,609
1621213200000,0.293,516
1621299600000,0.286,557
1621386000000,0.284,704
1621472400000,0.284,624
1621558800000,0.28,606
1621645200000,0.281,618
1621731600000,0.274,528
1621818000000,0.276,525
1621904400000,0.287,593
1621990800000,0.296,800
1622077200000,0.298,559
1622163600000,0.301,686
1622250000000,0.302,840
1622336400000,0.301,687
1622422800000,0.302,495
1622509200000,0.307,524
1622595600000,0.306,576
1622682000000,0.299,581
1622768400000,0.312,1049
1622854800000,0.318,517
1622941200000,0.317,583
1623027600000,0.309,506
1623114000000,0.314,554
1623200400000,0.312,641
1623286800000,0.3,519
1623373200000,0.292,449
1623459600000,0.297,458
1623546000000,0.294,501
1623632400000,0.291,389
1623718800000,0.288,404
1623805200000,0.29,615
1623891600000,0.29,493
1623978000000,0.289,459
1624064400000,0.29,626
1624150800000,0.285,392
1624237200000,0.279,422
1624323600000,0.28,438
1624410000000,0.268,440
1624496400000,0.255,588
1624582800000,0.251,628
1624669200000,0.249,528
1624755600000,0.25,523
1624842000000,0.25,448
1624928400000,0.25,492
1625014800000,0.249,452
1625101200000,0.232,390
1625187600000,0.233,533
1625274000000,0.224,516
1625360400000,0.227,439
1625446800000,0.224,493
1625533200000,0.224,447
1625619600000,0.218,519
1625706000000,0.221,736
1625792400000,0.204,355
1625878800000,0.197,383
1625965200000,0.191,362
1626051600000,0.201,388
1626138000000,0.21,516
1626224400000,0.21,455
1626310800000,0.211,485
1626397200000,0.211,396
1626483600000,0.205,313
1626570000000,0.205,323
1626656400000,0.2,327
1626742800000,0.199,340
1626829200000,0.192,410
1626915600000,0.187,487
1627002000000,0.183,381
1627088400000,0.185,567
1627174800000,0.179,310
1627261200000,0.178,306
1627347600000,0.186,181
1627434000000,0.189,519
1627520400000,0.19,441
1627606800000,0.19,410
1627693200000,0.183,586
1627779600000,0.186,587
1627866000000,0.187,404
1627952400000,0.19,379
1628038800000,0.184,376
1628125200000,0.181,277
1628211600000,0.187,549
1628298000000,0.179,350
1628384400000,0.181,365
1628470800000,0.172,369
1628557200000,0.166,439
1628643600000,0.168,661
1628730000000,0.169,463
1628816400000,0.169,450
1628902800000,0.167,549
1628989200000,0.168,420
1629075600000,0.17,554
1629162000000,0.173,567
1629248400000,0.169,588
1629334800000,0.17,503
1629421200000,0.179,554
1629507600000,0.181,622
1629594000000,0.18,356
1629680400000,0.18,376
1629766800000,0.18,427
1629853200000,0.18,427
1629939600000,0.182,644
1630026000000,0.178,390
1630112400000,0.156,347
1630198800000,0.15,398
1630285200000,0.152,435
1630371600000,0.148,293
1630458000000,0.149,490
1630544400000,0.145,382
1630630800000,0.144,354
1630717200000,0.147,499
1630803600000,0.153,510
1630890000000,0.152,324
1630976400000,0.151,464
1631062800000,0.151,548
1631149200000,0.147,362
1631235600000,0.149,566
1631322000000,0.145,555
1631408400000,0.148,514
1631494800000,0.16,305
1631581200000,0.16,284
1631667600000,0.16,403
1631754000000,0.16,480
1631840400000,0.16,506
1631926800000,0.16,531
1632013200000,0.156,432
1632099600000,0.155,399
1632186000000,0.194,607
1632272400000,0.178,1404
1632358800000,0.177,667
1632445200000,0.203,747
1632531600000,0.208,592
1632618000000,0.226,481
1632704400000,0.226,549
1632790800000,0.221,427
1632877200000,0.223,730
1632963600000,0.225,605
1633050000000,0.222,484
1633136400000,0.223,519
1633222800000,0.225,477
1633309200000,0.233,541
1633395600000,0.25,648
1633482000000,0.244,601
1633568400000,0.244,625
1633654800000,0.251,470
1633741200000,0.251,460
1633827600000,0.249,401
1633914000000,0.251,373
1634000400000,0.245,430
1634086800000,0.232,425
1634173200000,0.237,395
1634259600000,0.231,442
1634346000000,0.231,520
1634432400000,0.224,368
1634518800000,0.215,345
1634605200000,0.213,307
1634691600000,0.21,411
1634778000000,0.205,382
1634864400000,0.194,538
1634950800000,0.185,431
1635037200000,0.181,317
1635123600000,0.182,374
1635210000000,0.177,269
1635296400000,0.173,429
1635382800000,0.17,445
1635469200000,0.172,443
1635555600000,0.183,822
1635642000000,0.181,387
1635728400000,0.187,527
1635814800000,0.198,581
1635901200000,0.193,568
1635987600000,0.206,575
1636074000000,0.207,395
1636160400000,0.208,533
1636246800000,0.217,631
1636333200000,0.214,377
1636419600000,0.209,286
1636506000000,0.199,442
1636592400000,0.193,510
1636678800000,0.185,435
1636765200000,0.185,470
1636851600000,0.186,375
1636938000000,0.203,403
1637024400000,0.196,385
1637110800000,0.201,439
1637197200000,0.196,374
1637283600000,0.192,365
1637370000000,0.193,390
1637456400000,0.192,366
1637542800000,0.195,371
1637629200000,0.193,335
1637715600000,0.198,414
1637802000000,0.191,473
1637888400000,0.191,445
1637974800000,0.193,517
1638061200000,0.191,433
1638147600000,0.191,405
1638234000000,0.183,451
1638320400000,0.18,570
1638406800000,0.189,500
1638493200000,0.192,522
1638579600000,0.198,474
1638666000000,0.211,555
1638752400000,0.216,410
1638838800000,0.215,384
1638925200000,0.212,427
1639011600000,0.212,361
1639098000000,0.209,394
1639184400000,0.212,426
1639270800000,0.206,361
1639357200000,0.214,296
1639443600000,0.206,291
1639530000000,0.205,449
1639616400000,0.204,306
1639702800000,0.205,401
1639789200000,0.201,332
1639875600000,0.199,288
1639962000000,0.198,342
1640048400000,0.198,268
1640134800000,0.202,390
1640221200000,0.208,540
1640307600000,0.206,426
1640394000000,0.204,405
1640480400000,0.202,454
1640566800000,0.208,379
1640653200000,0.213,408
1640739600000,0.211,489
1640826000000,0.21,487
1640912400000,0.214,497
1640998800000,0.212,504
1641085200000,0.211,373
1641171600000,0.213,463
1641258000000,0.22,477
1641344400000,0.232,585
1641430800000,0.238,557
1641517200000,0.244,329
1641603600000,0.24,444
1641690000000,0.239,323
1641776400000,0.247,358
1641862800000,0.241,328
1641949200000,0.241,387
1642035600000,0.241,457
1642122000000,0.245,522
1642208400000,0.251,444
1642294800000,0.243,393
1642381200000,0.25,371
1642467600000,0.25,335
1642554000000,0.246,417
1642640400000,0.249,440
1642726800000,0.243,486
1642813200000,0.24,460
1642899600000,0.239,512
1642986000000,0.225,365
1643072400000,0.217,360
1643158800000,0.218,562
1643245200000,0.213,522
1643331600000,0.213,547
1643418000000,0.211,513
1643504400000,0.206,447
1643590800000,0.198,518
1643677200000,0.203,523
1643763600000,0.209,534
1643850000000,0.209,483
1643936400000,0.214,567
1644022800000,0.215,540
1644109200000,0.215,491
1644195600000,0.221,441
1644282000000,0.216,348
1644368400000,0.212,486
1644454800000,0.223,522
1644541200000,0.215,441
1644627600000,0.226,369
1644714000000,0.227,328
1644800400000,0.229,652
1644886800000,0.229,380
1644973200000,0.235,535
1645059600000,0.233,447
1645146000000,0.232,512
1645232400000,0.235,430
1645318800000,0.216,348
1645405200000,0.229,429
1645491600000,0.231,404
1645578000000,0.234,468
1645664400000,0.219,452
1645750800000,0.216,349
1645837200000,0.213,428
1645923600000,0.225,305
1646010000000,0.213,379
1646096400000,0.212,360
1646182800000,0.222,504
1646269200000,0.212,470
1646355600000,0.226,494
1646442000000,0.228,571
1646528400000,0.225,404
1646614800000,0.216,518
1646701200000,0.219,538
1646787600000,0.211,445
1646874000000,0.212,560
1646960400000,0.216,207
1647046800000,0.215,428
1647133200000,0.211,414
1647219600000,0.215,389
1647306000000,0.217,505
1647392400000,0.211,416
1647478800000,0.211,401
1647565200000,0.213,456
1647651600000,0.212,436
1647738000000,0.212,411
1647824400000,0.215,388
1647910800000,0.221,336
1647997200000,0.229,459
1648083600000,0.226,347
1648170000000,0.223,387
1648256400000,0.216,447
1648342800000,0.223,373
1648429200000,0.214,397
1648515600000,0.211,355
1648602000000,0.214,402
1648688400000,0.212,478
1648774800000,0.215,307
1648861200000,0.211,379
1648947600000,0.217,525
1649034000000,0.214,402
1649120400000,0.21,251
1649206800000,0.219,450
1649293200000,0.228,376
1649379600000,0.227,327
1649466000000,0.227,470
1649552400000,0.237,323
1649638800000,0.233,270
1649725200000,0.221,309
1649811600000,0.224,476
1649898000000,0.229,348
1649984400000,0.222,410
1650070800000,0.224,349
1650157200000,0.219,367
1650243600000,0.223,244
1650330000000,0.217,258
1650416400000,0.229,325
1650502800000,0.229,326
1650589200000,0.228,429
1650675600000,0.226,289
1650762000000,0.229,394
1650848400000,0.233,324
1650934800000,0.228,233
1651021200000,0.237,320
1651107600000,0.239,498
1651194000000,0.237,321
1651280400000,0.232,292
1651366800000,0.23,433
1651453200000,0.225,311
1651539600000,0.228,297
1651626000000,0.215,493
1651712400000,0.225,558
1651798800000,0.211,407
1651885200000,0.211,403
1651971600000,0.211,377
1652058000000,0.21,385
1652144400000,0.217,320
1652230800000,0.211,353
1652317200000,0.213,367
1652403600000,0.214,325
1652490000000,0.212,329
1652576400000,0.21,356
1652662800000,0.209,292
1652749200000,0.23,259
1652835600000,0.212,388
1652922000000,0.209,321
1653008400000,0.208,325
1653094800000,0.21,307
1653181200000,0.209,341
1653267600000,0.208,384
1653354000000,0.212,331
1653440400000,0.21,350
1653526800000,0.208,394
1653613200000,0.208,410
1653699600000,0.211,411
1653786000000,0.21,344
1653872400000,0.203,380
1653958800000,0.203,283
1654045200000,0.205,439
1654131600000,0.209,388
1654218000000,0.203,442
1654304400000,0.208,437
1654390800000,0.21,421
1654477200000,0.208,416
1654563600000,0.202,440
1654650000000,0.205,477
1654736400000,0.209,356
1654822800000,0.209,464
1654909200000,0.208,325
1654995600000,0.209,323
1655082000000,0.202,317
1655168400000,0.194,272
1655254800000,0.191,392
1655341200000,0.186,363
1655427600000,0.184,315
1655514000000,0.182,387
1655600400000,0.179,432
1655686800000,0.18,372
1655773200000,0.178,316
1655859600000,0.179,500
1655946000000,0.18,416
1656032400000,0.177,349
1656118800000,0.167,354
1656205200000,0.169,413
1656291600000,0.169,445
1656378000000,0.169,400
1656464400000,0.171,600
1656550800000,0.173,808
1656637200000,0.171,295
1656723600000,0.174,619
1656810000000,0.176,433
1656896400000,0.18,496
1656982800000,0.187,626
1657069200000,0.181,439
1657155600000,0.178,336
1657242000000,0.182,389
1657328400000,0.18,371
1657414800000,0.18,629
1657501200000,0.179,368
1657587600000,0.179,353
1657674000000,0.178,300
1657760400000,0.179,358
1657846800000,0.176,319
1657933200000,0.187,556
1658019600000,0.188,339
1658106000000,0.188,326
1658192400000,0.189,301
1658278800000,0.189,280
1658365200000,0.188,979
1658451600000,0.182,350
1658538000000,0.185,349
1658624400000,0.185,443
1658710800000,0.189,388
1658797200000,0.18,278
1658883600000,0.179,358
1658970000000,0.178,382
1659056400000,0.18,406
1659142800000,0.181,488
1659229200000,0.181,328
1659315600000,0.181,280
1659402000000,0.178,302
1659488400000,0.187,414
1659574800000,0.19,417
1659661200000,0.19,325
1659747600000,0.187,280
1659834000000,0.182,418
1659920400000,0.188,338
1660006800000,0.182,153
1660093200000,0.19,393
1660179600000,0.182,304
1660266000000,0.18,393
1660352400000,0.181,331
1660438800000,0.184,360
1660525200000,0.19,374
1660611600000,0.196,861
1660698000000,0.207,402
1660784400000,0.208,419
1660870800000,0.209,378
1660957200000,0.211,467
1661043600000,0.21,359
1661130000000,0.21,470
1661216400000,0.207,339
1661302800000,0.208,456
1661389200000,0.199,426
1661475600000,0.196,351
1661562000000,0.193,408
1661648400000,0.209,538
1661734800000,0.204,347
1661821200000,0.197,288
1661907600000,0.199,419
1661994000000,0.2,423
1662080400000,0.2,491
1662166800000,0.201,409
1662253200000,0.199,413
1662339600000,0.207,309
1662426000000,0.209,291
1662512400000,0.206,355
1662598800000,0.209,371
1662685200000,0.209,322
1662771600000,0.201,296
1662858000000,0.195,368
1662944400000,0.192,318
1663030800000,0.192,306
1663117200000,0.191,397
1663203600000,0.191,348
1663290000000,0.192,344
1663376400000,0.19,385
1663462800000,0.197,447
1663549200000,0.197,265
1663635600000,0.192,285
1663722000000,0.186,379
1663808400000,0.191,355
1663894800000,0.189,396
1663981200000,0.192,330
1664067600000,0.188,411
1664154000000,0.194,318
1664240400000,0.185,243
1664326800000,0.183,307
1664413200000,0.179,370
1664499600000,0.189,371
1664586000000,0.186,362
1664672400000,0.178,341
1664758800000,0.185,344
1664845200000,0.194,407
1664931600000,0.202,440
1665018000000,0.199,337
1665104400000,0.207,549
1665190800000,0.2,342
1665277200000,0.201,291
1665363600000,0.2,284
1665450000000,0.2,321
1665536400000,0.197,382
1665622800000,0.2,352
1665709200000,0.199,280
1665795600000,0.197,404
1665882000000,0.199,344
1665968400000,0.198,294
1666054800000,0.197,270
1666141200000,0.222,329
1666227600000,0.196,328
1666314000000,0.194,329
1666400400000,0.197,477
1666486800000,0.194,374
1666573200000,0.193,300
1666659600000,0.195,277
1666746000000,0.198,355
1666832400000,0.2,412
1666918800000,0.191,298
1667005200000,0.191,359
1667091600000,0.189,347
1667178000000,0.192,424
1667264400000,0.191,263
1667350800000,0.195,348
1667437200000,0.193,347
1667523600000,0.188,311
1667610000000,0.196,336
1667696400000,0.197,312
1667782800000,0.197,319
1667869200000,0.202,380
1667955600000,0.2,370
1668042000000,0.197,327
1668128400000,0.197,327
1668214800000,0.195,345
1668301200000,0.193,344
1668387600000,0.196,315
1668474000000,0.197,284
1668560400000,0.202,563
1668646800000,0.198,393
1668733200000,0.198,338
1668819600000,0.197,422
1668906000000,0.193,310
1668992400000,0.19,279
1669078800000,0.194,328
1669165200000,0.195,433
1669251600000,0.19,525
1669338000000,0.191,395
1669424400000,0.19,502
1669510800000,0.197,438
1669597200000,0.198,325
1669683600000,0.194,279
1669770000000,0.19,339
1669856400000,0.198,318
1669942800000,0.2,320
1670029200000,0.2,422
1670115600000,0.199,428
1670202000000,0.199,278
1670288400000,0.211,342
1670374800000,0.202,354
1670461200000,0.2,354
1670547600000,0.209,304
1670634000000,0.208,401
1670720400000,0.202,326
1670806800000,0.199,292
1670893200000,0.202,309
1670979600000,0.199,350
1671066000000,0.202,342
1671152400000,0.2,327
1671238800000,0.197,343
1671325200000,0.197,300
1671411600000,0.196,254
1671498000000,0.194,242
1671584400000,0.189,320
1671670800000,0.19,402
1671757200000,0.19,553
1671843600000,0.187,500
1671930000000,0.186,491
1672016400000,0.185,465
1672102800000,0.19,429
1672189200000,0.188,403
1672275600000,0.188,454
1672362000000,0.19,459
1672448400000,0.188,454
1672534800000,0.191,528
1672621200000,0.188,389
1672707600000,0.187,451
1672794000000,0.19,591
1672880400000,0.19,395
1672966800000,0.188,336
1673053200000,0.19,381
1673139600000,0.189,379
1673226000000,0.191,286
1673312400000,0.19,228
1673398800000,0.189,335
1673485200000,0.189,396
1673571600000,0.197,482
1673658000000,0.2,450
1673744400000,0.198,366
1673830800000,0.199,295
1673917200000,0.201,295
1674003600000,0.202,400
1674090000000,0.201,333
1674176400000,0.199,398
1674262800000,0.198,388
1674349200000,0.196,347
1674435600000,0.192,292
1674522000000,0.193,353
1674608400000,0.189,364
1674694800000,0.191,401
1674781200000,0.191,333
1674867600000,0.19,490
1674954000000,0.2,390
1675040400000,0.199,330
1675126800000,0.196,356
1675213200000,0.202,484
1675299600000,0.199,408
1675386000000,0.199,408
1675472400000,0.198,424
1675558800000,0.207,631
1675645200000,0.214,786
1675731600000,0.226,375
1675818000000,0.227,334
1675904400000,0.226,438
1675990800000,0.229,533
1676077200000,0.228,570
1676163600000,0.226,504
1676250000000,0.219,503
1676336400000,0.229,457
1676422800000,0.219,530
1676509200000,0.223,470
1676595600000,0.222,517
1676682000000,0.213,500
1676768400000,0.209,431
1676854800000,0.206,340
1676941200000,0.207,351
1677027600000,0.208,541
1677114000000,0.21,552
1677200400000,0.21,513
1677286800000,0.209,448
1677373200000,0.209,619
1677459600000,0.208,335
1677546000000,0.21,374
1677632400000,0.209,475
1677718800000,0.209,434
1677805200000,0.209,463
1677891600000,0.208,504
1677978000000,0.209,454
1678064400000,0.211,529
1678150800000,0.208,449
1678237200000,0.21,861
1678323600000,0.214,701
1678410000000,0.212,544
1678496400000,0.213,592
1678582800000,0.209,590
1678669200000,0.21,498
1678755600000,0.209,456
1678842000000,0.223,806
1678928400000,0.226,743
1679014800000,0.229,632
1679101200000,0.225,670
1679187600000,0.225,587
1679274000000,0.222,658
1679360400000,0.208,521
1679446800000,0.211,730
1679533200000,0.213,1020
1679619600000,0.231,1228
1679706000000,0.238,889
1679792400000,0.247,1011
1679878800000,0.25,694
1679965200000,0.249,570
1680051600000,0.249,689
1680138000000,0.249,513
1680224400000,0.243,397
1680310800000,0.242,574
1680397200000,0.241,690
1680483600000,0.249,573
1680570000000,0.25,488
1680656400000,0.251,639
1680742800000,0.258,773
1680829200000,0.272,611
1680915600000,0.275,550
1681002000000,0.275,645
1681088400000,0.284,612
1681174800000,0.29,601
1681261200000,0.298,709
1681347600000,0.309,640
1681434000000,0.31,501
1681520400000,0.312,441
1681606800000,0.31,367
1681693200000,0.302,543
1681779600000,0.304,504
1681866000000,0.311,561
1681952400000,0.311,502
1682002800000,0.331,62
1682006400000,0.328,98
1682010000000,0.32,44
1682013600000,0.32,41
1682017200000,0.34,35
1682020800000,0.314,12
1682024400000,0.32,49
1682028000000,0.32,29
1682031600000,0.32,24
1682035200000,0.32,27
1682038800000,0.32,27
1682042400000,0.32,17
1682046000000,0.32,17
1682049600000,0.319,20
1682053200000,0.34,19
1682056800000,0.32,14
1682060400000,0.34,60
1682064000000,0.32,30
1682067600000,0.34,39
1682071200000,0.32,34
1682074800000,0.32,20
1682078400000,0.32,40
1682082000000,0.32,25
1682085600000,0.336,45
1682089200000,0.32,33
1682092800000,0.322,53
1682096400000,0.32,41
1682100000000,0.32,29
1682103600000,0.32,56
1682107200000,0.32,50
1682110800000,0.318,45
1682114400000,0.32,46
1682118000000,0.31,38
1682121600000,0.305,22
1682125200000,0.31,21
1682128800000,0.32,14
1682132400000,0.32,11
1682136000000,0.34,35
1682139600000,0.32,11
1682143200000,0.329,22
1682146800000,0.32,13
1682150400000,0.3,15
1682154000000,0.32,22
1682157600000,0.32,25
1682161200000,0.34,133
1682164800000,0.31,32
1682168400000,0.329,50
1682172000000,0.32,39
1682175600000,0.32,30
1682179200000,0.32,31
1682182800000,0.31,31
1682186400000,0.31,33
1682190000000,0.32,35
1682193600000,0.32,62
1682197200000,0.31,29
1682200800000,0.32,29
1682204400000,0.34,78
1682208000000,0.32,18
1682211600000,0.32,21
1682215200000,0.341,21
1682218800000,0.32,21
1682222400000,0.31,6
1682226000000,0.32,5
1682229600000,0.335,18
1682233200000,0.31,17
1682236800000,0.32,37
1682240400000,0.32,16
1682244000000,0.329,33
1682247600000,0.32,30
1682251200000,0.32,33
1682254800000,0.32,23
1682258400000,0.32,70
1682262000000,0.32,35
1682265600000,0.32,39
1682269200000,0.329,51
1682272800000,0.329,36
1682276400000,0.329,32
1682280000000,0.343,126
1682283600000,0.32,38
1682287200000,0.344,33
1682290800000,0.329,19
1682294400000,0.34,14
1682298000000,0.34,10
1682301600000,0.335,11
1682305200000,0.32,11
1682308800000,0.338,15
1682312400000,0.338,17
1682316000000,0.32,27
1682319600000,0.339,13
1682323200000,0.341,17
1682326800000,0.352,36
1682330400000,0.345,31
1682334000000,0.335,26
1682337600000,0.334,29
1682341200000,0.32,18
1682344800000,0.327,26
1682348400000,0.31,25
1682352000000,0.32,26
1682355600000,0.32,21
1682359200000,0.31,36
1682362800000,0.315,30
1682366400000,0.31,37
1682370000000,0.32,53
1682373600000,0.31,17
1682377200000,0.31,15
1682380800000,0.34,34
1682384400000,0.34,50
1682388000000,0.338,89
1682391600000,0.38,304
1682395200000,0.52,187
1682398800000,0.492,64
1682402400000,0.543,65
1682406000000,0.545,48
1682409600000,0.51,54
1682413200000,0.491,44
1682416800000,0.478,163
1682420400000,0.45,38
1682424000000,0.461,68
1682427600000,0.454,100
1682431200000,0.451,70
1682434800000,0.4,72
1682438400000,0.396,91
1682442000000,0.418,71
1682445600000,0.396,70
1682449200000,0.38,61
1682452800000,0.38,56
1682456400000,0.36,45
1682460000000,0.39,32
1682463600000,0.36,7
1682467200000,0.396,25
1682470800000,0.37,15
1682474400000,0.367,19
1682478000000,0.397,44
1682481600000,0.418,31
1682485200000,0.387,8
1682488800000,0.393,26
1682492400000,0.371,15
1682496000000,0.383,16
1682499600000,0.38,15
1682503200000,0.408,41
1682506800000,0.435,46
1682510400000,0.391,39
1682514000000,0.382,39
1682517600000,0.407,63
1682521200000,0.382,44
1682524800000,0.403,43
1682528400000,0.396,59
1682532000000,0.517,150
1682535600000,0.408,65
1682539200000,0.391,54
1682542800000,0.41,52
1682546400000,0.38,41
1682550000000,0.399,33
1682553600000,0.403,35
1682557200000,0.4,23
1682560800000,0.407,27
1682564400000,0.399,9
1682568000000,0.39,15
1682571600000,0.375,14
1682575200000,0.39,18
1682578800000,0.42,22
1682582400000,0.41,16
1682586000000,0.403,16
1682589600000,0.365,26
1682593200000,0.39,41
1682596800000,0.387,38
1682600400000,0.389,38
1682604000000,0.387,51
1682607600000,0.37,57
1682611200000,0.37,36
1682614800000,0.369,32
1682618400000,0.375,54
1682622000000,0.369,52
1682625600000,0.36,54
1682629200000,0.372,34
1682632800000,0.36,41
1682636400000,0.36,19
1682640000000,0.355,24
1682643600000,0.378,33
1682647200000,0.359,18
1682650800000,0.376,27
1682654400000,0.37,17
1682658000000,0.36,19
1682661600000,0.376,18
1682665200000,0.395,20
1682668800000,0.402,27
1682672400000,0.403,30
1682676000000,0.375,18
1682679600000,0.372,24
1682683200000,0.385,38
1682686800000,0.378,49
1682690400000,0.37,46
1682694000000,0.378,42
1682697600000,0.378,55
1682701200000,0.398,54
1682704800000,0.374,41
1682708400000,0.376,45
1682712000000,0.364,46
1682715600000,0.352,30
1682719200000,0.36,35
1682722800000,0.379,52
1682726400000,0.379,39
1682730000000,0.368,19
1682733600000,0.397,14
1682737200000,0.392,19
1682740800000,0.354,17
1682744400000,0.36,24
1682748000000,0.377,18
1682751600000,0.367,30
1682755200000,0.379,20
1682758800000,0.389,41
1682762400000,0.388,29
1682766000000,0.358,43
1682769600000,0.366,37
1682773200000,0.374,27
1682776800000,0.407,36
1682780400000,0.367,37
1682784000000,0.356,36
1682787600000,0.36,53
1682791200000,0.352,40
1682794800000,0.366,49
1682798400000,0.354,42
1682802000000,0.354,45
1682805600000,0.352,36
1682809200000,0.365,37
1682812800000,0.358,44
1682816400000,0.358,27
1682820000000,0.35,21
1682823600000,0.4,93
1682827200000,0.388,16
1682830800000,0.358,11
1682834400000,0.352,19
1682838000000,0.352,18
1682841600000,0.361,32
1682845200000,0.41,9
1682848800000,0.366,35
1682852400000,0.377,15
1682856000000,0.351,20
1682859600000,0.354,25
1682863200000,0.352,36
1682866800000,0.357,59
1682870400000,0.355,65
1682874000000,0.362,35
1682877600000,0.357,22
1682881200000,0.342,30
1682884800000,0.35,48
1682888400000,0.341,28
1682892000000,0.35,54
1682895600000,0.396,102
1682899200000,0.341,26
1682902800000,0.35,17
1682906400000,0.346,16
1682910000000,0.341,10
1682913600000,0.36,42
1682917200000,0.354,20
1682920800000,0.326,8
1682924400000,0.346,26
1682928000000,0.36,35
1682931600000,0.357,24
1682935200000,0.367,35
1682938800000,0.358,27
1682942400000,0.39,70
1682946000000,0.399,38
1682949600000,0.374,31
1682953200000,0.377,47
1682956800000,0.376,46
1682960400000,0.365,53
1682964000000,0.361,58
1682967600000,0.346,33
1682971200000,0.354,37
1682974800000,0.353,37
1682978400000,0.368,31
1682982000000,0.349,22
1682985600000,0.351,46
1682989200000,0.346,74
1682992800000,0.39,28
1682996400000,0.345,16
1683000000000,0.33,8
1683003600000,0.353,20
1683007200000,0.354,15
1683010800000,0.408,42
1683014400000,0.33,10
1683018000000,0.346,13
1683021600000,0.396,34
1683025200000,0.402,17
1683028800000,0.358,28
1683032400000,0.379,31
1683036000000,0.379,33
1683039600000,0.384,28
1683043200000,0.39,66
1683046800000,0.383,41
1683050400000,0.355,30
1683054000000,0.358,37
1683057600000,0.36,43
1683061200000,0.361,38
1683064800000,0.35,21
1683068400000,0.34,10
1683072000000,0.34,21
1683075600000,0.344,13
1683079200000,0.34,14
1683082800000,0.363,38
1683086400000,0.372,21
1683090000000,0.401,32
1683093600000,0.368,19
1683097200000,0.407,52
1683100800000,0.399,20
1683104400000,0.41,58
1683108000000,0.398,28
1683111600000,0.401,22
1683115200000,0.389,52
1683118800000,0.387,35
1683122400000,0.405,62
1683126000000,0.371,27
1683129600000,0.371,36
1683133200000,0.36,38
1683136800000,0.371,49
1683140400000,0.368,36
1683144000000,0.373,45
1683147600000,0.369,26
1683151200000,0.353,34
1683154800000,0.353,20
1683158400000,0.353,17
1683162000000,0.368,21
1683165600000,0.37,27
1683169200000,0.38,22
1683172800000,0.37,13
1683176400000,0.396,14
1683180000000,0.405,38
1683183600000,0.418,19
1683187200000,0.382,10
1683190800000,0.41,33
1683194400000,0.37,12
1683198000000,0.37,27
1683201600000,0.362,20
1683205200000,0.373,48
1683208800000,0.377,40
1683212400000,0.406,53
1683216000000,0.408,44
1683219600000,0.425,97
1683223200000,0.425,48
1683226800000,0.415,58
1683230400000,0.37,34
1683234000000,0.386,53
1683237600000,0.441,75
1683241200000,0.514,51
1683244800000,0.4,9
1683248400000,0.38,34
1683252000000,0.371,62
1683255600000,0.371,18
1683259200000,0.368,32
1683262800000,0.36,22
1683266400000,0.36,17
1683270000000,0.362,34
1683273600000,0.37,38
1683277200000,0.38,33
1683280800000,0.36,39
1683284400000,0.36,33
1683288000000,0.36,43
1683291600000,0.36,54
1683295200000,0.37,21
1683298800000,0.367,31
1683302400000,0.36,28
1683306000000,0.36,52
1683309600000,0.36,46
1683313200000,0.36,57
1683316800000,0.375,76
1683320400000,0.36,47
1683324000000,0.36,30
1683327600000,0.36,35
1683331200000,0.36,34
1683334800000,0.36,32
1683338400000,0.359,16
1683342000000,0.36,17
1683345600000,0.353,25
1683349200000,0.36,30
1683352800000,0.355,24
1683356400000,0.36,31
1683360000000,0.36,19
1683363600000,0.36,32
1683367200000,0.36,47
1683370800000,0.373,65
1683374400000,0.36,37
1683378000000,0.36,21
1683381600000,0.375,33
1683385200000,0.355,18
1683388800000,0.372,61
1683392400000,0.36,55
1683396000000,0.36,40
1683399600000,0.368,58
1683403200000,0.358,40
1683406800000,0.368,62
1683410400000,0.358,32
1683414000000,0.36,29
1683417600000,0.36,28
1683421200000,0.36,13
1683424800000,0.355,15
1683428400000,0.365,23
1683432000000,0.355,21
1683435600000,0.373,55
1683439200000,0.367,12
1683442800000,0.361,21
1683446400000,0.361,10
1683450000000,0.352,24
1683453600000,0.365,44
1683457200000,0.38,31
1683460800000,0.355,33
1683464400000,0.355,29
1683468000000,0.349,36
1683471600000,0.355,39
1683475200000,0.355,47
1683478800000,0.351,54
1683482400000,0.359,30
1683486000000,0.34,33
1683489600000,0.357,34
1683493200000,0.34,53
1683496800000,0.35,23
1683500400000,0.34,37
1683504000000,0.36,36
1683507600000,0.34,13
1683511200000,0.36,27
1683514800000,0.36,25
1683518400000,0.355,22
1683522000000,0.368,20
1683525600000,0.35,18
1683529200000,0.368,19
1683532800000,0.355,27
1683536400000,0.354,23
1683540000000,0.34,20
1683543600000,0.34,25
1683547200000,0.34,33
1683550800000,0.354,40
1683554400000,0.34,45
1683558000000,0.34,34
1683561600000,0.34,24
1683565200000,0.34,34
1683568800000,0.34,43
1683572400000,0.34,33
1683576000000,0.351,54
1683579600000,0.353,28
1683583200000,0.3,14
1683586800000,0.341,12
1683590400000,0.34,16
1683594000000,0.34,13
1683597600000,0.353,29
1683601200000,0.349,16
1683604800000,0.328,16
1683608400000,0.368,8
1683612000000,0.355,21
1683615600000,0.364,28
1683619200000,0.38,139
1683622800000,0.376,18
1683626400000,0.401,83
1683630000000,0.415,135
1683633600000,0.394,59
1683637200000,0.367,28
1683640800000,0.377,24
1683644400000,0.341,21
1683648000000,0.341,27
1683651600000,0.336,36
1683655200000,0.34,34
1683658800000,0.33,33
1683662400000,0.33,21
1683666000000,0.336,35
1683669600000,0.327,20
1683673200000,0.327,20
1683676800000,0.32,7
1683680400000,0.34,25
1683684000000,0.31,12
1683687600000,0.326,11
1683691200000,0.336,20
1683694800000,0.341,22
1683698400000,0.351,14
1683702000000,0.343,20
1683705600000,0.369,29
1683709200000,0.355,17
1683712800000,0.343,20
1683716400000,0.365,20
1683720000000,0.339,22
1683723600000,0.335,35
1683727200000,0.348,27
1683730800000,0.339,47
1683734400000,0.36,52
1683738000000,0.342,31
1683741600000,0.341,40
1683745200000,0.335,29
1683748800000,0.339,63
1683752400000,0.334,33
1683756000000,0.327,40
1683759600000,0.318,34
1683763200000,0.336,23
1683766800000,0.323,12
1683770400000,0.332,21
1683774000000,0.339,18
1683777600000,0.37,65
1683781200000,0.332,9
1683784800000,0.328,10
1683788400000,0.336,13
1683792000000,0.32,18
1683795600000,0.32,19
1683799200000,0.318,23
1683802800000,0.34,24
1683806400000,0.332,25
1683810000000,0.332,17
1683813600000,0.332,30
1683817200000,0.329,27
1683820800000,0.335,22
1683824400000,0.329,24
1683828000000,0.31,26
1683831600000,0.34,56
1683835200000,0.32,37
1683838800000,0.316,32
1683842400000,0.34,52
1683846000000,0.35,26
1683849600000,0.32,12
1683853200000,0.338,11
1683856800000,0.32,11
1683860400000,0.339,16
1683864000000,0.34,9
1683867600000,0.34,6
1683871200000,0.35,7
1683874800000,0.34,4
1683878400000,0.34,9
1683882000000,0.34,12
1683885600000,0.34,21
1683889200000,0.34,16
1683892800000,0.323,16
1683896400000,0.339,24
1683900000000,0.349,44
1683903600000,0.35,46
1683907200000,0.34,30
1683910800000,0.35,42
1683914400000,0.349,27
1683918000000,0.34,37
1683921600000,0.35,36
1683925200000,0.34,34
1683928800000,0.34,23
1683932400000,0.34,19
1683936000000,0.342,28
1683939600000,0.349,20
1683943200000,0.35,18
1683946800000,0.343,24
1683950400000,0.34,15
1683954000000,0.315,12
1683957600000,0.33,6
1683961200000,0.31,21
1683964800000,0.34,23
1683968400000,0.34,33
1683972000000,0.337,26
1683975600000,0.337,19
1683979200000,0.337,27
1683982800000,0.339,18
1683986400000,0.337,29
1683990000000,0.337,45
1683993600000,0.34,57
1683997200000,0.34,36
1684000800000,0.34,31
1684004400000,0.34,44
1684008000000,0.32,33
1684011600000,0.33,26
1684015200000,0.329,30
1684018800000,0.322,22
1684022400000,0.34,25
1684026000000,0.34,14
1684029600000,0.337,31
1684033200000,0.34,20
1684036800000,0.34,4
1684040400000,0.348,36
1684044000000,0.337,21
1684047600000,0.33,12
1684051200000,0.34,7
1684054800000,0.339,12
1684058400000,0.34,25
1684062000000,0.32,24
1684065600000,0.34,30
1684069200000,0.34,29
1684072800000,0.34,45
1684076400000,0.34,32
1684080000000,0.34,27
1684083600000,0.337,35
1684087200000,0.337,26
1684090800000,0.34,34
1684094400000,0.337,24
1684098000000,0.337,36
1684101600000,0.32,18
1684105200000,0.34,14
1684108800000,0.34,15
1684112400000,0.339,16
1684116000000,0.34,20
1684119600000,0.34,17
1684123200000,0.305,11
1684126800000,0.34,5
1684130400000,0.34,18
1684134000000,0.337,11
1684137600000,0.337,14
1684141200000,0.34,10
1684144800000,0.34,20
1684148400000,0.337,38
1684152000000,0.343,48
1684155600000,0.34,21
1684159200000,0.34,18
1684162800000,0.337,26
1684166400000,0.34,14
1684170000000,0.345,44
1684173600000,0.34,18
1684177200000,0.32,31
1684180800000,0.339,42
1684184400000,0.32,18
1684188000000,0.339,91
1684191600000,0.338,22
1684195200000,0.32,11
1684198800000,0.32,13
1684202400000,0.337,9
1684206000000,0.339,9
1684209600000,0.34,7
1684213200000,0.339,14
1684216800000,0.343,28
1684220400000,0.341,15
1684224000000,0.33,8
1684227600000,0.341,39
1684231200000,0.338,13
1684234800000,0.337,21
1684238400000,0.32,19
1684242000000,0.338,23
1684245600000,0.338,24
1684249200000,0.338,46
1684252800000,0.337,52
1684256400000,0.337,28
1684260000000,0.338,33
1684263600000,0.338,30
1684267200000,0.337,31
1684270800000,0.338,36
1684274400000,0.339,64
1684278000000,0.341,12
1684281600000,0.32,13
1684285200000,0.32,16
1684288800000,0.32,11
1684292400000,0.32,20
1684296000000,0.32,12
1684299600000,0.337,20
1684303200000,0.341,33
1684306800000,0.342,20
1684310400000,0.32,7
1684314000000,0.315,12
1684317600000,0.32,24
1684321200000,0.326,36
1684324800000,0.32,29
1684328400000,0.32,29
1684332000000,0.32,52
1684335600000,0.31,42
1684339200000,0.32,45
1684342800000,0.326,102
1684346400000,0.337,71
1684350000000,0.32,53
1684353600000,0.32,48
1684357200000,0.32,43
1684360800000,0.315,34
1684364400000,0.34,41
1684368000000,0.32,11
1684371600000,0.32,31
1684375200000,0.32,5
1684378800000,0.32,13
1684382400000,0.32,17
1684386000000,0.32,14
1684389600000,0.32,23
1684393200000,0.336,32
1684396800000,0.32,10
1684400400000,0.32,27
1684404000000,0.32,19
1684407600000,0.32,26
1684411200000,0.32,24
1684414800000,0.32,28
1684418400000,0.32,22
1684422000000,0.334,35
1684425600000,0.32,37
1684429200000,0.32,42
1684432800000,0.315,34
1684436400000,0.32,39
1684440000000,0.334,80
1684443600000,0.32,31
1684447200000,0.32,32
1684450800000,0.32,32
1684454400000,0.32,13
1684458000000,0.32,20
1684461600000,0.32,17
1684465200000,0.31,12
1684468800000,0.315,10
1684472400000,0.334,10
1684476000000,0.32,13
1684479600000,0.32,11
1684483200000,0.323,17
1684486800000,0.32,26
1684490400000,0.32,13
1684494000000,0.32,38
1684497600000,0.316,18
1684501200000,0.32,23
1684504800000,0.32,36
1684508400000,0.32,19
1684512000000,0.32,32
1684515600000,0.32,31
1684519200000,0.32,38
1684522800000,0.32,40
1684526400000,0.32,47
1684530000000,0.32,39
1684533600000,0.32,34
1684537200000,0.32,25
1684540800000,0.32,15
1684544400000,0.32,14
1684548000000,0.315,12
1684551600000,0.32,14
1684555200000,0.32,13
1684558800000,0.31,10
1684562400000,0.333,22
1684566000000,0.336,17
1684569600000,0.315,16
1684573200000,0.32,22
1684576800000,0.32,27
1684580400000,0.324,30
1684584000000,0.32,18
1684587600000,0.32,76
