timestamp,price_dollar,sells
1552525200000,1.951,994
1552611600000,1.246,1000
1552698000000,0.865,998
1552784400000,0.794,1019
1552870800000,0.799,753
1552957200000,0.769,688
1553043600000,0.714,698
1553130000000,0.719,725
1553216400000,0.657,739
1553302800000,0.626,925
1553389200000,0.538,948
1553475600000,0.5,808
1553562000000,0.527,756
1553648400000,0.539,656
1553734800000,0.523,673
1553821200000,0.519,841
1553907600000,0.523,825
1553994000000,0.481,917
1554080400000,0.463,776
1554166800000,0.438,656
1554253200000,0.427,792
1554339600000,0.428,892
1554426000000,0.422,654
1554512400000,0.426,803
1554598800000,0.402,840
1554685200000,0.398,693
1554771600000,0.367,869
1554858000000,0.37,777
1554944400000,0.395,708
1555030800000,0.388,745
1555117200000,0.396,760
1555203600000,0.391,807
1555290000000,0.389,690
1555376400000,0.365,615
1555462800000,0.37,821
1555549200000,0.385,709
1555635600000,0.382,765
1555722000000,0.37,724
1555808400000,0.367,814
1555894800000,0.341,680
1555981200000,0.348,903
1556067600000,0.333,724
1556154000000,0.326,699
1556240400000,0.315,796
1556326800000,0.305,735
1556413200000,0.273,921
1556499600000,0.243,1876
1556586000000,0.24,914
1556672400000,0.252,842
1556758800000,0.266,688
1556845200000,0.251,734
1556931600000,0.258,871
1557018000000,0.257,743
1557104400000,0.259,694
1557190800000,0.246,718
1557277200000,0.246,777
1557363600000,0.247,719
1557450000000,0.235,676
1557536400000,0.236,789
1557622800000,0.238,825
1557709200000,0.233,656
1557795600000,0.243,608
1557882000000,0.239,654
1557968400000,0.233,575
1558054800000,0.237,599
1558141200000,0.238,583
1558227600000,0.24,731
1558314000000,0.224,638
1558400400000,0.227,670
1558486800000,0.224,686
1558573200000,0.224,684
1558659600000,0.23,669
1558746000000,0.233,723
1558832400000,0.232,599
1558918800000,0.232,540
1559005200000,0.23,542
1559091600000,0.226,590
1559178000000,0.237,755
1559264400000,0.228,618
1559350800000,0.235,754
1559437200000,0.232,716
1559523600000,0.24,689
1559610000000,0.231,578
1559696400000,0.237,663
1559782800000,0.24,647
1559869200000,0.229,701
1559955600000,0.23,720
1560042000000,0.231,694
1560128400000,0.227,664
1560214800000,0.225,575
1560301200000,0.217,695
1560387600000,0.226,590
1560474000000,0.224,534
1560560400000,0.233,693
1560646800000,0.244,879
1560733200000,0.25,682
1560819600000,0.243,526
1560906000000,0.24,670
1560992400000,0.228,540
1561078800000,0.221,663
1561165200000,0.216,545
1561251600000,0.22,775
1561338000000,0.213,597
1561424400000,0.213,794
1561510800000,0.211,790
1561597200000,0.211,624
1561683600000,0.213,891
1561770000000,0.196,552
1561856400000,0.189,630
1561942800000,0.186,571
1562029200000,0.187,557
1562115600000,0.187,543
1562202000000,0.185,717
1562288400000,0.184,487
1562374800000,0.17,548
1562461200000,0.175,622
1562547600000,0.175,777
1562634000000,0.179,632
1562720400000,0.188,480
1562806800000,0.19,788
1562893200000,0.203,1374
1562979600000,0.189,578
1563066000000,0.183,587
1563152400000,0.182,689
1563238800000,0.192,545
1563325200000,0.182,644
1563411600000,0.192,771
1563498000000,0.185,466
1563584400000,0.181,790
1563670800000,0.181,863
1563757200000,0.178,570
1563843600000,0.184,548
1563930000000,0.177,564
1564016400000,0.182,766
1564102800000,0.179,687
1564189200000,0.175,595
1564275600000,0.188,1068
1564362000000,0.184,686
1564448400000,0.178,655
1564534800000,0.184,746
1564621200000,0.172,710
1564707600000,0.174,713
1564794000000,0.171,855
1564880400000,0.179,947
1564966800000,0.174,669
1565053200000,0.182,779
1565139600000,0.175,759
1565226000000,0.18,735
1565312400000,0.181,893
1565398800000,0.171,633
1565485200000,0.17,691
1565571600000,0.179,758
1565658000000,0.176,816
1565744400000,0.168,627
1565830800000,0.166,658
1565917200000,0.163,648
1566003600000,0.164,698
1566090000000,0.164,822
1566176400000,0.167,777
1566262800000,0.165,587
1566349200000,0.165,758
1566435600000,0.165,690
1566522000000,0.164,823
1566608400000,0.165,1044
1566694800000,0.166,826
1566781200000,0.168,942
1566867600000,0.168,920
1566954000000,0.167,600
1567040400000,0.165,821
1567126800000,0.165,794
1567213200000,0.161,743
1567299600000,0.168,964
1567386000000,0.173,915
1567472400000,0.164,727
1567558800000,0.168,683
1567645200000,0.167,827
1567731600000,0.171,891
1567818000000,0.173,874
1567904400000,0.162,870
1567990800000,0.158,931
1568077200000,0.149,669
1568163600000,0.156,771
1568250000000,0.157,615
1568336400000,0.155,762
1568422800000,0.158,1085
1568509200000,0.156,799
1568595600000,0.153,880
1568682000000,0.156,713
1568768400000,0.152,611
1568854800000,0.146,555
1568941200000,0.145,697
1569027600000,0.149,884
1569114000000,0.152,1031
1569200400000,0.161,808
1569286800000,0.151,649
1569373200000,0.145,666
1569459600000,0.151,765
1569546000000,0.151,800
1569632400000,0.15,980
1569718800000,0.147,839
1569805200000,0.144,723
1569891600000,0.153,881
1569978000000,0.15,1017
1570064400000,0.145,930
1570150800000,0.145,923
1570237200000,0.15,1007
1570323600000,0.152,944
1570410000000,0.146,736
1570496400000,0.153,810
1570582800000,0.152,801
1570669200000,0.147,794
1570755600000,0.151,1084
1570842000000,0.149,929
1570928400000,0.158,1054
1571014800000,0.154,764
1571101200000,0.158,830
1571187600000,0.152,762
1571274000000,0.148,845
1571360400000,0.151,1062
1571446800000,0.157,1562
1571533200000,0.164,1289
1571619600000,0.159,961
1571706000000,0.156,629
1571792400000,0.159,703
1571878800000,0.154,676
1571965200000,0.161,784
1572051600000,0.15,721
1572138000000,0.152,913
1572224400000,0.154,669
1572310800000,0.147,634
1572397200000,0.144,788
1572483600000,0.145,687
1572570000000,0.151,821
1572656400000,0.16,899
1572742800000,0.153,762
1572829200000,0.15,580
1572915600000,0.158,718
1573002000000,0.15,561
1573088400000,0.146,705
1573174800000,0.144,684
1573261200000,0.147,891
1573347600000,0.148,890
1573434000000,0.147,899
1573520400000,0.144,710
1573606800000,0.147,679
1573693200000,0.142,689
1573779600000,0.147,773
1573866000000,0.142,788
1573952400000,0.144,736
1574038800000,0.142,703
1574125200000,0.126,858
1574211600000,0.129,915
1574298000000,0.129,599
1574384400000,0.129,634
1574470800000,0.127,700
1574557200000,0.129,650
1574643600000,0.129,597
1574730000000,0.131,607
1574816400000,0.124,636
1574902800000,0.124,653
1574989200000,0.13,602
1575075600000,0.124,705
1575162000000,0.132,851
1575248400000,0.131,549
1575334800000,0.136,567
1575421200000,0.136,526
1575507600000,0.137,534
1575594000000,0.143,494
1575680400000,0.146,949
1575766800000,0.142,824
1575853200000,0.147,756
1575939600000,0.138,518
1576026000000,0.14,464
1576112400000,0.143,676
1576198800000,0.14,591
1576285200000,0.143,683
1576371600000,0.144,582
1576458000000,0.143,568
1576544400000,0.141,518
1576630800000,0.144,734
1576717200000,0.136,535
1576803600000,0.14,775
1576890000000,0.142,617
1576976400000,0.141,573
1577062800000,0.135,579
1577149200000,0.135,552
1577235600000,0.135,746
1577322000000,0.141,860
1577408400000,0.145,842
1577494800000,0.149,956
1577581200000,0.148,782
1577667600000,0.146,645
1577754000000,0.152,682
1577840400000,0.153,681
1577926800000,0.152,1126
1578013200000,0.174,762
1578099600000,0.178,871
1578186000000,0.165,638
1578272400000,0.167,777
1578358800000,0.167,581
1578445200000,0.164,582
1578531600000,0.166,827
1578618000000,0.17,945
1578704400000,0.167,825
1578790800000,0.169,813
1578877200000,0.17,703
1578963600000,0.173,687
1579050000000,0.175,813
1579136400000,0.168,616
1579222800000,0.168,752
1579309200000,0.173,886
1579395600000,0.168,813
1579482000000,0.166,786
1579568400000,0.162,550
1579654800000,0.164,657
1579741200000,0.16,659
1579827600000,0.156,836
1579914000000,0.162,884
1580000400000,0.156,784
1580086800000,0.147,626
1580173200000,0.147,681
1580259600000,0.155,663
1580346000000,0.154,596
1580432400000,0.161,878
1580518800000,0.162,1087
1580605200000,0.163,1114
1580691600000,0.165,683
1580778000000,0.16,709
1580864400000,0.164,944
1580950800000,0.168,762
1581037200000,0.166,802
1581123600000,0.171,875
1581210000000,0.163,931
1581296400000,0.158,693
1581382800000,0.161,662
1581469200000,0.167,832
1581555600000,0.165,733
1581642000000,0.169,849
1581728400000,0.165,850
1581814800000,0.168,986
1581901200000,0.162,624
1581987600000,0.166,677
1582074000000,0.163,703
1582160400000,0.159,726
1582246800000,0.161,869
1582333200000,0.158,789
1582419600000,0.159,1010
1582506000000,0.158,746
1582592400000,0.153,860
1582678800000,0.147,699
1582765200000,0.149,814
1582851600000,0.151,745
1582938000000,0.147,1023
1583024400000,0.15,1088
1583110800000,0.143,706
1583197200000,0.144,622
1583283600000,0.15,858
1583370000000,0.153,843
1583456400000,0.15,906
1583542800000,0.155,1360
1583629200000,0.154,924
1583715600000,0.152,856
1583802000000,0.147,616
1583888400000,0.151,792
1583974800000,0.156,724
1584061200000,0.155,964
1584147600000,0.15,965
1584234000000,0.153,988
1584320400000,0.153,854
1584406800000,0.153,904
1584493200000,0.152,984
1584579600000,0.152,663
1584666000000,0.148,829
1584752400000,0.148,721
1584838800000,0.144,996
1584925200000,0.141,768
1585011600000,0.14,585
1585098000000,0.145,908
1585184400000,0.141,1055
1585270800000,0.141,851
1585357200000,0.141,677
1585443600000,0.142,647
1585530000000,0.141,544
1585616400000,0.141,1201
1585702800000,0.143,1191
1585789200000,0.147,1476
1585875600000,0.154,1344
1585962000000,0.152,1217
1586048400000,0.163,1298
1586134800000,0.161,1072
1586221200000,0.158,1280
1586307600000,0.159,1031
1586394000000,0.155,1218
1586480400000,0.158,1202
1586566800000,0.154,1126
1586653200000,0.157,1285
1586739600000,0.16,1381
1586826000000,0.165,1538
1586912400000,0.162,1303
1586998800000,0.166,1299
1587085200000,0.166,1277
1587171600000,0.168,1341
1587258000000,0.16,1107
1587344400000,0.162,1118
1587430800000,0.162,1178
1587517200000,0.161,1161
1587603600000,0.159,1137
1587690000000,0.158,949
1587776400000,0.153,1059
1587862800000,0.149,916
1587949200000,0.148,1106
1588035600000,0.147,1082
1588122000000,0.15,1111
1588208400000,0.149,1229
1588294800000,0.148,1233
1588381200000,0.15,1026
1588467600000,0.147,960
1588554000000,0.147,1040
1588640400000,0.148,940
1588726800000,0.15,986
1588813200000,0.15,1212
1588899600000,0.142,1186
1588986000000,0.145,1048
1589072400000,0.145,1049
1589158800000,0.142,1043
1589245200000,0.146,1006
1589331600000,0.147,896
1589418000000,0.141,1000
1589504400000,0.143,913
1589590800000,0.137,1061
1589677200000,0.141,872
1589763600000,0.142,846
1589850000000,0.143,993
1589936400000,0.146,884
1590022800000,0.141,838
1590109200000,0.142,904
1590195600000,0.141,945
1590282000000,0.141,920
1590368400000,0.14,931
1590454800000,0.133,654
1590541200000,0.137,821
1590627600000,0.136,875
1590714000000,0.132,714
1590800400000,0.132,738
1590886800000,0.137,917
1590973200000,0.135,756
1591059600000,0.131,749
1591146000000,0.134,763
1591232400000,0.133,792
1591318800000,0.135,790
1591405200000,0.133,754
1591491600000,0.135,804
1591578000000,0.137,917
1591664400000,0.132,783
1591750800000,0.133,755
1591837200000,0.134,804
1591923600000,0.135,793
1592010000000,0.134,793
1592096400000,0.129,860
1592182800000,0.133,788
1592269200000,0.127,541
1592355600000,0.131,613
1592442000000,0.128,633
1592528400000,0.13,639
1592614800000,0.129,851
1592701200000,0.126,846
1592787600000,0.131,870
1592874000000,0.128,549
1592960400000,0.125,607
1593046800000,0.122,563
1593133200000,0.12,883
1593219600000,0.119,705
1593306000000,0.121,694
1593392400000,0.115,772
1593478800000,0.116,626
1593565200000,0.121,746
1593651600000,0.123,579
1593738000000,0.125,643
1593824400000,0.118,632
1593910800000,0.12,638
1593997200000,0.12,577
1594083600000,0.121,580
1594170000000,0.119,705
1594256400000,0.12,601
1594342800000,0.126,753
1594429200000,0.128,621
1594515600000,0.127,834
1594602000000,0.128,704
1594688400000,0.127,673
1594774800000,0.126,687
1594861200000,0.128,834
1594947600000,0.124,634
1595034000000,0.126,615
1595120400000,0.126,535
1595206800000,0.127,607
1595293200000,0.127,711
1595379600000,0.127,600
1595466000000,0.128,611
1595552400000,0.131,735
1595638800000,0.126,628
1595725200000,0.126,670
1595811600000,0.129,706
1595898000000,0.127,589
1595984400000,0.131,614
1596070800000,0.126,599
1596157200000,0.126,569
1596243600000,0.128,593
1596330000000,0.132,778
1596416400000,0.128,663
1596502800000,0.125,669
1596589200000,0.124,597
1596675600000,0.13,633
1596762000000,0.128,911
1596848400000,0.13,716
1596934800000,0.126,814
1597021200000,0.13,794
1597107600000,0.132,741
1597194000000,0.134,875
1597280400000,0.132,692
1597366800000,0.134,704
1597453200000,0.134,630
1597539600000,0.128,656
1597626000000,0.129,704
1597712400000,0.128,789
1597798800000,0.128,768
1597885200000,0.127,685
1597971600000,0.127,704
1598058000000,0.129,762
1598144400000,0.122,826
1598230800000,0.126,759
1598317200000,0.127,800
1598403600000,0.126,688
1598490000000,0.134,826
1598576400000,0.13,630
1598662800000,0.135,684
1598749200000,0.126,669
1598835600000,0.129,714
1598922000000,0.127,573
1599008400000,0.126,623
1599094800000,0.124,559
1599181200000,0.125,567
1599267600000,0.127,730
1599354000000,0.129,763
1599440400000,0.126,638
1599526800000,0.124,704
1599613200000,0.124,555
1599699600000,0.124,604
1599786000000,0.119,533
1599872400000,0.126,749
1599958800000,0.123,640
1600045200000,0.124,594
1600131600000,0.124,625
1600218000000,0.128,637
1600304400000,0.121,530
1600390800000,0.127,613
1600477200000,0.127,705
1600563600000,0.122,599
1600650000000,0.123,632
1600736400000,0.124,605
1600822800000,0.12,515
1600909200000,0.12,528
1600995600000,0.117,751
1601082000000,0.12,535
1601168400000,0.119,648
1601254800000,0.113,830
1601341200000,0.112,633
1601427600000,0.112,635
1601514000000,0.114,699
1601600400000,0.115,561
1601686800000,0.117,540
1601773200000,0.115,702
1601859600000,0.116,579
1601946000000,0.113,505
1602032400000,0.113,535
1602118800000,0.118,778
1602205200000,0.116,692
1602291600000,0.121,646
1602378000000,0.116,541
1602464400000,0.119,671
1602550800000,0.119,592
1602637200000,0.119,557
1602723600000,0.115,729
1602810000000,0.118,613
1602896400000,0.12,597
1602982800000,0.117,557
1603069200000,0.12,563
1603155600000,0.117,494
1603242000000,0.122,657
1603328400000,0.119,622
1603414800000,0.118,644
1603501200000,0.121,639
1603587600000,0.118,589
1603674000000,0.116,536
1603760400000,0.118,688
1603846800000,0.118,744
1603933200000,0.115,581
1604019600000,0.108,542
1604106000000,0.11,573
1604192400000,0.107,567
1604278800000,0.114,457
1604365200000,0.109,567
1604451600000,0.118,842
1604538000000,0.115,605
1604624400000,0.111,625
1604710800000,0.116,611
1604797200000,0.116,562
1604883600000,0.121,669
1604970000000,0.119,580
1605056400000,0.118,579
1605142800000,0.116,503
1605229200000,0.115,521
1605315600000,0.118,703
1605402000000,0.118,498
1605488400000,0.115,578
1605574800000,0.115,648
1605661200000,0.117,597
1605747600000,0.119,660
1605834000000,0.12,936
1605920400000,0.124,669
1606006800000,0.122,784
1606093200000,0.122,668
1606179600000,0.124,569
1606266000000,0.121,780
1606352400000,0.117,685
1606438800000,0.113,641
1606525200000,0.115,641
1606611600000,0.115,693
1606698000000,0.114,562
1606784400000,0.111,509
1606870800000,0.117,594
1606957200000,0.114,665
1607043600000,0.103,776
1607130000000,0.105,638
1607216400000,0.108,703
1607302800000,0.108,776
1607389200000,0.109,602
1607475600000,0.107,626
1607562000000,0.113,696
1607648400000,0.114,590
1607734800000,0.115,734
1607821200000,0.112,618
1607907600000,0.118,620
1607994000000,0.113,613
1608080400000,0.118,819
1608166800000,0.117,719
1608253200000,0.118,679
1608339600000,0.114,731
1608426000000,0.12,910
1608512400000,0.121,686
1608598800000,0.118,614
1608685200000,0.113,624
1608771600000,0.116,778
1608858000000,0.12,831
1608944400000,0.122,829
1609030800000,0.137,716
1609117200000,0.131,637
1609203600000,0.129,823
1609290000000,0.13,840
1609376400000,0.129,798
1609462800000,0.128,694
1609549200000,0.134,777
1609635600000,0.128,932
1609722000000,0.131,795
1609808400000,0.143,1047
1609894800000,0.162,871
1609981200000,0.155,792
1610067600000,0.18,1091
1610154000000,0.185,822
1610240400000,0.184,779
1610326800000,0.182,669
1610413200000,0.17,745
1610499600000,0.17,976
1610586000000,0.165,775
1610672400000,0.161,887
1610758800000,0.167,1024
1610845200000,0.162,750
1610931600000,0.16,850
1611018000000,0.158,800
1611104400000,0.156,822
1611190800000,0.156,794
1611277200000,0.155,867
1611363600000,0.154,963
1611450000000,0.153,718
1611536400000,0.15,911
1611622800000,0.153,865
1611709200000,0.159,903
1611795600000,0.139,981
1611882000000,0.139,1496
1611968400000,0.203,1861
1612054800000,0.199,1164
1612141200000,0.187,908
1612227600000,0.171,784
1612314000000,0.174,969
1612400400000,0.174,760
1612486800000,0.173,895
1612573200000,0.174,964
1612659600000,0.173,947
1612746000000,0.166,937
1612832400000,0.159,817
1612918800000,0.155,991
1613005200000,0.153,935
1613091600000,0.153,1020
1613178000000,0.149,1210
1613264400000,0.15,959
1613350800000,0.152,1101
1613437200000,0.153,872
1613523600000,0.164,1161
1613610000000,0.166,863
1613696400000,0.164,917
1613782800000,0.17,953
1613869200000,0.167,897
1613955600000,0.167,906
1614042000000,0.174,971
1614128400000,0.168,946
1614214800000,0.159,790
1614301200000,0.157,992
1614387600000,0.168,1404
1614474000000,0.192,1954
1614560400000,0.182,1340
1614646800000,0.185,915
1614733200000,0.183,887
1614819600000,0.175,774
1614906000000,0.172,1030
1614992400000,0.173,1027
1615078800000,0.171,1278
1615165200000,0.186,1236
1615251600000,0.173,896
1615338000000,0.173,1044
1615424400000,0.17,1008
1615510800000,0.163,955
1615597200000,0.169,1264
1615683600000,0.165,1062
1615770000000,0.169,1195
1615856400000,0.169,1209
1615942800000,0.167,1227
1616029200000,0.165,1148
1616115600000,0.163,1207
1616202000000,0.158,1365
1616288400000,0.156,981
1616374800000,0.157,1100
1616461200000,0.15,897
1616547600000,0.156,1104
1616634000000,0.156,906
1616720400000,0.156,1201
1616806800000,0.158,1114
1616893200000,0.154,1140
1616979600000,0.151,1004
1617066000000,0.155,956
1617152400000,0.151,1043
1617238800000,0.153,896
1617325200000,0.147,1003
1617411600000,0.148,974
1617498000000,0.152,910
1617584400000,0.151,1122
1617670800000,0.156,1542
1617757200000,0.142,722
1617843600000,0.129,864
1617930000000,0.121,1002
1618016400000,0.117,927
1618102800000,0.129,901
1618189200000,0.119,659
1618275600000,0.118,815
1618362000000,0.119,229
1618448400000,0.122,952
1618534800000,0.119,853
1618621200000,0.123,923
1618707600000,0.124,805
1618794000000,0.125,829
1618880400000,0.115,780
1618966800000,0.124,966
1619053200000,0.127,804
1619139600000,0.123,856
1619226000000,0.13,770
1619312400000,0.129,813
1619398800000,0.122,827
1619485200000,0.13,1083
1619571600000,0.133,832
1619658000000,0.131,839
1619744400000,0.133,700
1619830800000,0.135,648
1619917200000,0.128,724
1620003600000,0.127,946
1620090000000,0.133,1499
1620176400000,0.136,1095
1620262800000,0.134,1176
1620349200000,0.137,1204
1620435600000,0.138,909
1620522000000,0.139,1019
1620608400000,0.142,1125
1620694800000,0.147,1115
1620781200000,0.148,1106
1620867600000,0.146,1125
1620954000000,0.175,1558
1621040400000,0.173,822
1621126800000,0.169,734
1621213200000,0.162,839
1621299600000,0.163,900
1621386000000,0.172,837
1621472400000,0.164,810
1621558800000,0.173,825
1621645200000,0.16,803
1621731600000,0.166,759
1621818000000,0.169,904
1621904400000,0.176,551
1621990800000,0.167,660
1622077200000,0.164,699
1622163600000,0.161,839
1622250000000,0.168,797
1622336400000,0.165,728
1622422800000,0.163,746
1622509200000,0.164,828
1622595600000,0.16,627
1622682000000,0.161,624
1622768400000,0.159,720
1622854800000,0.163,742
1622941200000,0.155,514
1623027600000,0.17,1149
1623114000000,0.179,807
1623200400000,0.174,686
1623286800000,0.17,627
1623373200000,0.173,577
1623459600000,0.168,632
1623546000000,0.166,523
1623632400000,0.162,547
1623718800000,0.161,742
1623805200000,0.155,581
1623891600000,0.159,515
1623978000000,0.162,895
1624064400000,0.151,417
1624150800000,0.15,587
1624237200000,0.148,749
1624323600000,0.148,643
1624410000000,0.145,428
1624496400000,0.138,613
1624582800000,0.132,698
1624669200000,0.127,475
1624755600000,0.131,367
1624842000000,0.126,658
1624928400000,0.129,749
1625014800000,0.128,417
1625101200000,0.131,427
1625187600000,0.132,576
1625274000000,0.125,475
1625360400000,0.125,436
1625446800000,0.123,579
1625533200000,0.121,627
1625619600000,0.122,483
1625706000000,0.124,573
1625792400000,0.126,451
1625878800000,0.124,382
1625965200000,0.123,476
1626051600000,0.12,411
1626138000000,0.117,287
1626224400000,0.12,382
1626310800000,0.117,321
1626397200000,0.118,345
1626483600000,0.119,353
1626570000000,0.115,351
1626656400000,0.117,543
1626742800000,0.115,389
1626829200000,0.116,414
1626915600000,0.117,529
1627002000000,0.115,322
1627088400000,0.117,527
1627174800000,0.117,432
1627261200000,0.121,612
1627347600000,0.129,266
1627434000000,0.128,472
1627520400000,0.129,550
1627606800000,0.119,417
1627693200000,0.124,491
1627779600000,0.119,405
1627866000000,0.117,474
1627952400000,0.117,387
1628038800000,0.117,441
1628125200000,0.125,568
1628211600000,0.123,463
1628298000000,0.122,476
1628384400000,0.12,377
1628470800000,0.121,547
1628557200000,0.121,428
1628643600000,0.118,379
1628730000000,0.124,502
1628816400000,0.118,275
1628902800000,0.116,373
1628989200000,0.115,291
1629075600000,0.118,424
1629162000000,0.128,496
1629248400000,0.123,380
1629334800000,0.129,511
1629421200000,0.144,507
1629507600000,0.16,503
1629594000000,0.158,476
1629680400000,0.168,592
1629766800000,0.169,582
1629853200000,0.184,458
1629939600000,0.175,508
1630026000000,0.179,488
1630112400000,0.177,419
1630198800000,0.177,451
1630285200000,0.177,605
1630371600000,0.175,459
1630458000000,0.169,400
1630544400000,0.164,330
1630630800000,0.163,306
1630717200000,0.162,408
1630803600000,0.167,447
1630890000000,0.159,587
1630976400000,0.162,383
1631062800000,0.156,291
1631149200000,0.156,441
1631235600000,0.15,438
1631322000000,0.145,402
1631408400000,0.143,391
1631494800000,0.141,606
1631581200000,0.134,284
1631667600000,0.129,292
1631754000000,0.131,309
1631840400000,0.126,325
1631926800000,0.123,529
1632013200000,0.126,417
1632099600000,0.124,415
1632186000000,0.118,309
1632272400000,0.103,480
1632358800000,0.094,386
1632445200000,0.098,333
1632531600000,0.099,358
1632618000000,0.103,337
1632704400000,0.101,414
1632790800000,0.1,426
1632877200000,0.102,330
1632963600000,0.103,336
1633050000000,0.1,319
1633136400000,0.106,320
1633222800000,0.106,328
1633309200000,0.105,428
1633395600000,0.109,180
1633482000000,0.107,316
1633568400000,0.109,306
1633654800000,0.118,465
1633741200000,0.113,348
1633827600000,0.114,302
1633914000000,0.112,335
1634000400000,0.109,424
1634086800000,0.114,329
1634173200000,0.111,361
1634259600000,0.114,273
1634346000000,0.113,237
1634432400000,0.114,303
1634518800000,0.113,242
1634605200000,0.111,313
1634691600000,0.116,305
1634778000000,0.117,293
1634864400000,0.107,262
1634950800000,0.107,293
1635037200000,0.109,264
1635123600000,0.111,316
1635210000000,0.109,222
1635296400000,0.103,201
1635382800000,0.104,239
1635469200000,0.102,342
1635555600000,0.099,212
1635642000000,0.1,288
1635728400000,0.101,477
1635814800000,0.101,168
1635901200000,0.107,465
1635987600000,0.11,199
1636074000000,1.668,189
1636160400000,0.105,268
1636246800000,0.109,320
1636333200000,0.113,399
1636419600000,0.124,173
1636506000000,0.119,295
1636592400000,0.115,234
1636678800000,0.115,225
1636765200000,0.106,242
1636851600000,0.101,262
1636938000000,0.105,198
1637024400000,0.102,158
1637110800000,0.105,185
1637197200000,0.102,232
1637283600000,0.106,224
1637370000000,0.099,289
1637456400000,0.106,297
1637542800000,0.108,295
1637629200000,0.104,162
1637715600000,0.1,181
1637802000000,0.1,283
1637888400000,0.101,437
1637974800000,0.103,260
1638061200000,0.104,296
1638147600000,0.095,172
1638234000000,0.096,296
1638320400000,0.09,244
1638406800000,0.096,285
1638493200000,0.089,221
1638579600000,0.098,296
1638666000000,0.096,280
1638752400000,0.099,296
1638838800000,0.099,188
1638925200000,0.099,209
1639011600000,0.102,250
1639098000000,0.107,239
1639184400000,0.104,246
1639270800000,0.098,201
1639357200000,2.383,205
1639443600000,0.105,186
1639530000000,0.103,313
1639616400000,0.101,149
1639702800000,0.112,196
1639789200000,0.105,172
1639875600000,0.109,214
1639962000000,0.109,140
1640048400000,0.109,148
1640134800000,0.105,155
1640221200000,0.102,149
1640307600000,0.103,210
1640394000000,0.104,203
1640480400000,0.102,208
1640566800000,0.105,255
1640653200000,0.107,189
1640739600000,0.103,236
1640826000000,0.102,213
1640912400000,0.106,270
1640998800000,0.107,270
1641085200000,0.107,269
1641171600000,0.107,238
1641258000000,0.109,245
1641344400000,0.107,264
1641430800000,0.11,278
1641517200000,0.115,265
1641603600000,0.116,295
1641690000000,0.115,259
1641776400000,0.108,174
1641862800000,0.116,255
1641949200000,0.117,247
1642035600000,0.113,249
1642122000000,0.115,292
1642208400000,0.114,277
1642294800000,0.113,264
1642381200000,0.119,274
1642467600000,0.116,268
1642554000000,0.116,255
1642640400000,0.116,214
1642726800000,0.114,327
1642813200000,0.121,394
1642899600000,0.126,342
1642986000000,0.127,276
1643072400000,0.128,322
1643158800000,0.13,315
1643245200000,0.128,357
1643331600000,0.128,291
1643418000000,0.134,340
1643504400000,0.13,324
1643590800000,0.13,319
1643677200000,0.132,319
1643763600000,0.13,344
1643850000000,0.129,272
1643936400000,0.244,360
1644022800000,0.134,331
1644109200000,0.13,304
1644195600000,0.134,320
1644282000000,0.144,398
1644368400000,0.139,261
1644454800000,0.14,265
1644541200000,0.14,330
1644627600000,0.137,212
1644714000000,0.14,289
1644800400000,0.148,274
1644886800000,0.15,334
1644973200000,0.163,263
1645059600000,0.154,254
1645146000000,0.16,274
1645232400000,0.153,313
1645318800000,0.158,332
1645405200000,0.152,293
1645491600000,0.151,224
1645578000000,0.159,323
1645664400000,0.163,214
1645750800000,0.167,247
1645837200000,0.163,316
1645923600000,0.16,228
1646010000000,0.157,257
1646096400000,0.157,312
1646182800000,0.169,355
1646269200000,0.17,321
1646355600000,0.162,298
1646442000000,0.162,302
1646528400000,0.166,322
1646614800000,0.156,272
1646701200000,0.146,311
1646787600000,0.145,228
1646874000000,0.154,344
1646960400000,0.167,204
1647046800000,0.165,308
1647133200000,0.163,296
1647219600000,0.164,239
1647306000000,0.158,203
1647392400000,0.162,220
1647478800000,0.16,245
1647565200000,0.165,284
1647651600000,0.162,264
1647738000000,0.163,335
1647824400000,0.162,291
1647910800000,0.163,198
1647997200000,0.162,233
1648083600000,0.162,219
1648170000000,0.159,297
1648256400000,0.162,254
1648342800000,0.16,281
1648429200000,0.157,267
1648515600000,0.165,344
1648602000000,0.17,173
1648688400000,0.165,289
1648774800000,0.169,191
1648861200000,0.162,230
1648947600000,0.165,333
1649034000000,0.166,236
1649120400000,0.171,266
1649206800000,0.169,256
1649293200000,0.171,222
1649379600000,0.164,248
1649466000000,0.172,305
1649552400000,0.164,287
1649638800000,0.162,284
1649725200000,0.167,263
1649811600000,0.165,245
1649898000000,0.17,289
1649984400000,0.164,260
1650070800000,0.17,320
1650157200000,0.173,269
1650243600000,0.174,251
1650330000000,0.179,245
1650416400000,0.181,236
1650502800000,2.407,155
1650589200000,0.169,231
1650675600000,0.168,218
1650762000000,0.174,297
1650848400000,0.179,398
1650934800000,0.188,267
1651021200000,0.179,267
1651107600000,0.18,243
1651194000000,0.179,249
1651280400000,0.169,248
1651366800000,0.164,238
1651453200000,0.168,220
1651539600000,0.168,247
1651626000000,0.158,251
1651712400000,0.157,237
1651798800000,0.156,228
1651885200000,0.15,195
1651971600000,0.146,189
1652058000000,0.14,198
1652144400000,0.135,230
1652230800000,0.134,196
1652317200000,0.142,175
1652403600000,0.144,175
1652490000000,0.131,247
1652576400000,0.131,230
1652662800000,0.132,234
1652749200000,0.124,201
1652835600000,0.12,226
1652922000000,0.115,244
1653008400000,0.122,291
1653094800000,0.127,323
1653181200000,0.124,146
1653267600000,0.13,259
1653354000000,0.126,226
1653440400000,0.12,231
1653526800000,0.118,273
1653613200000,0.119,199
1653699600000,0.125,314
1653786000000,0.125,316
1653872400000,0.12,226
1653958800000,0.127,252
1654045200000,0.13,240
1654131600000,0.133,280
1654218000000,0.14,301
1654304400000,0.128,236
1654390800000,0.128,236
1654477200000,0.128,211
1654563600000,0.129,169
1654650000000,0.123,187
1654736400000,0.125,248
1654822800000,0.126,191
1654909200000,0.129,179
1654995600000,0.127,201
1655082000000,0.122,187
1655168400000,0.116,206
1655254800000,0.124,243
1655341200000,0.114,177
1655427600000,0.122,269
1655514000000,0.119,245
1655600400000,0.117,225
1655686800000,0.112,164
1655773200000,0.114,273
1655859600000,0.119,213
1655946000000,0.113,185
1656032400000,0.114,237
1656118800000,0.107,240
1656205200000,0.107,373
1656291600000,0.107,342
1656378000000,0.104,204
1656464400000,0.107,208
1656550800000,0.108,260
1656637200000,0.103,176
1656723600000,0.101,299
1656810000000,0.106,363
1656896400000,0.11,374
1656982800000,0.104,254
1657069200000,0.111,296
1657155600000,0.114,319
1657242000000,0.121,276
1657328400000,0.116,243
1657414800000,0.119,286
1657501200000,0.125,324
1657587600000,0.132,327
1657674000000,0.141,160
1657760400000,0.143,291
1657846800000,0.143,327
1657933200000,0.138,248
1658019600000,0.14,309
1658106000000,0.142,252
1658192400000,0.134,253
1658278800000,0.144,183
1658365200000,0.138,234
1658451600000,0.142,316
1658538000000,0.134,206
1658624400000,0.138,314
1658710800000,0.142,241
1658797200000,0.14,253
1658883600000,0.143,307
1658970000000,0.14,272
1659056400000,0.138,313
1659142800000,0.139,340
1659229200000,0.145,305
1659315600000,0.142,325
1659402000000,0.139,303
1659488400000,0.144,405
1659574800000,0.144,276
1659661200000,0.148,298
1659747600000,0.148,284
1659834000000,0.147,275
1659920400000,0.147,358
1660006800000,0.145,190
1660093200000,0.147,297
1660179600000,0.146,309
1660266000000,0.148,336
1660352400000,0.142,291
1660438800000,0.145,279
1660525200000,0.149,298
1660611600000,0.146,257
1660698000000,0.146,319
1660784400000,0.147,387
1660870800000,0.145,297
1660957200000,0.143,286
1661043600000,0.141,237
1661130000000,0.143,320
1661216400000,0.141,316
1661302800000,0.151,517
1661389200000,0.196,441
1661475600000,0.19,370
1661562000000,0.2,312
1661648400000,0.214,468
1661734800000,0.216,407
1661821200000,0.216,343
1661907600000,0.207,320
1661994000000,0.197,394
1662080400000,0.199,344
1662166800000,0.211,406
1662253200000,0.208,410
1662339600000,0.21,416
1662426000000,0.194,322
1662512400000,0.201,341
1662598800000,0.182,359
1662685200000,0.175,344
1662771600000,0.173,425
1662858000000,0.175,420
1662944400000,0.164,313
1663030800000,0.168,348
1663117200000,0.165,389
1663203600000,0.161,312
1663290000000,0.151,230
1663376400000,0.149,291
1663462800000,0.154,360
1663549200000,0.156,234
1663635600000,0.156,328
1663722000000,0.151,222
1663808400000,0.151,225
1663894800000,0.15,198
1663981200000,0.15,292
1664067600000,0.153,249
1664154000000,0.149,240
1664240400000,0.149,265
1664326800000,0.146,206
1664413200000,0.144,218
1664499600000,0.148,294
1664586000000,0.143,518
1664672400000,0.143,421
1664758800000,0.154,355
1664845200000,0.149,313
1664931600000,0.138,239
1665018000000,0.146,255
1665104400000,0.143,321
1665190800000,0.147,314
1665277200000,0.15,288
1665363600000,0.143,262
1665450000000,0.141,195
1665536400000,0.135,181
1665622800000,0.145,274
1665709200000,0.137,167
1665795600000,0.154,462
1665882000000,0.15,265
1665968400000,0.151,345
1666054800000,0.155,194
1666141200000,0.168,251
1666227600000,0.162,182
1666314000000,0.163,222
1666400400000,0.16,253
1666486800000,0.158,222
1666573200000,0.152,197
1666659600000,0.157,164
1666746000000,0.15,187
1666832400000,0.148,270
1666918800000,0.148,333
1667005200000,0.146,229
1667091600000,0.147,222
1667178000000,0.139,178
1667264400000,0.141,209
1667350800000,0.147,274
1667437200000,0.147,260
1667523600000,0.143,271
1667610000000,0.149,274
1667696400000,0.145,204
1667782800000,0.145,204
1667869200000,0.146,220
1667955600000,0.146,239
1668042000000,0.146,210
1668128400000,0.146,245
1668214800000,0.143,252
1668301200000,0.148,239
1668387600000,0.15,206
1668474000000,0.148,177
1668560400000,0.148,284
1668646800000,0.146,165
1668733200000,0.143,160
1668819600000,0.142,298
1668906000000,0.141,242
1668992400000,0.139,208
1669078800000,0.141,210
1669165200000,0.137,251
1669251600000,0.132,186
1669338000000,0.129,254
1669424400000,0.127,240
1669510800000,0.124,207
1669597200000,0.123,191
1669683600000,0.122,241
1669770000000,0.127,322
1669856400000,0.132,212
1669942800000,0.13,180
1670029200000,0.134,230
1670115600000,0.136,271
1670202000000,0.142,186
1670288400000,0.142,156
1670374800000,0.151,221
1670461200000,0.147,170
1670547600000,0.148,193
1670634000000,0.149,192
1670720400000,0.152,253
1670806800000,0.151,285
1670893200000,0.146,197
1670979600000,0.153,243
1671066000000,0.151,168
1671152400000,0.145,185
1671238800000,0.153,200
1671325200000,0.142,148
1671411600000,0.147,175
1671498000000,0.153,203
1671584400000,0.139,188
1671670800000,0.14,203
1671757200000,0.138,259
1671843600000,0.134,231
1671930000000,0.14,215
1672016400000,0.145,259
1672102800000,0.148,354
1672189200000,0.149,212
1672275600000,0.139,299
1672362000000,0.147,316
1672448400000,0.147,243
1672534800000,0.139,405
1672621200000,0.144,298
1672707600000,0.141,303
1672794000000,0.141,289
1672880400000,0.14,271
1672966800000,0.147,317
1673053200000,0.153,248
1673139600000,0.163,275
1673226000000,0.162,237
1673312400000,0.161,283
1673398800000,0.162,265
1673485200000,0.165,219
1673571600000,0.17,277
1673658000000,0.171,278
1673744400000,0.166,279
1673830800000,0.166,228
1673917200000,0.168,303
1674003600000,0.173,270
1674090000000,0.163,257
1674176400000,0.168,284
1674262800000,0.163,283
1674349200000,0.167,293
1674435600000,1.049,278
1674522000000,0.168,261
1674608400000,0.172,328
1674694800000,0.173,318
1674781200000,0.17,307
1674867600000,0.174,321
1674954000000,0.172,475
1675040400000,0.176,322
1675126800000,0.169,264
1675213200000,0.182,388
1675299600000,0.187,303
1675386000000,0.181,297
1675472400000,0.181,318
1675558800000,0.177,323
1675645200000,0.18,289
1675731600000,0.178,239
1675818000000,0.178,277
1675904400000,0.183,384
1675990800000,0.177,416
1676077200000,0.175,441
1676163600000,0.189,605
1676250000000,0.191,485
1676336400000,0.204,438
1676422800000,0.207,446
1676509200000,0.206,435
1676595600000,0.22,509
1676682000000,0.213,453
1676768400000,0.213,473
1676854800000,0.214,440
1676941200000,0.206,388
1677027600000,0.204,403
1677114000000,0.202,390
1677200400000,0.2,555
1677286800000,0.204,464
1677373200000,0.199,440
1677459600000,0.197,395
1677546000000,0.194,413
1677632400000,0.199,446
1677718800000,0.2,447
1677805200000,0.189,395
1677891600000,0.196,585
1677978000000,0.193,494
1678064400000,0.194,440
1678150800000,0.193,534
1678237200000,0.19,462
1678323600000,0.19,460
1678410000000,0.191,690
1678496400000,0.189,598
1678582800000,0.179,636
1678669200000,0.179,452
1678755600000,0.188,535
1678842000000,0.179,589
1678928400000,0.17,556
1679014800000,0.168,598
1679101200000,0.167,762
1679187600000,0.162,697
1679274000000,0.16,649
1679360400000,0.161,570
1679446800000,0.154,607
1679533200000,0.156,931
1679619600000,0.162,941
1679706000000,0.169,899
1679792400000,0.167,1230
1679878800000,0.167,1098
1679965200000,0.169,1063
1680051600000,0.164,1355
1680138000000,0.173,1087
1680224400000,0.18,985
1680310800000,0.187,1738
1680397200000,0.192,1075
1680483600000,0.194,972
1680570000000,0.193,893
1680656400000,0.196,995
1680742800000,0.195,1166
1680829200000,0.186,885
1680915600000,0.189,1108
1681002000000,0.19,1052
1681088400000,0.189,1095
1681174800000,0.188,936
1681261200000,0.184,978
1681347600000,0.185,1015
1681434000000,0.193,1038
1681520400000,0.189,794
1681606800000,0.196,949
1681693200000,0.195,997
1681779600000,0.19,828
1681866000000,0.188,773
1681952400000,0.185,1077
1682038800000,0.183,423
1682078400000,0.187,34
1682082000000,0.2,97
1682085600000,0.206,96
1682089200000,0.19,35
1682092800000,0.199,54
1682096400000,0.199,92
1682100000000,0.197,56
1682103600000,0.199,55
1682107200000,0.188,44
1682110800000,0.19,99
1682114400000,0.193,69
1682118000000,0.18,45
1682121600000,0.198,60
1682125200000,0.18,20
1682128800000,0.178,46
1682132400000,0.18,58
1682136000000,0.18,21
1682139600000,0.18,52
1682143200000,0.18,32
1682146800000,0.206,72
1682150400000,0.198,41
1682154000000,0.202,54
1682157600000,0.207,81
1682161200000,0.196,54
1682164800000,0.189,45
1682168400000,0.184,49
1682172000000,0.206,60
1682175600000,0.207,79
1682179200000,0.19,47
1682182800000,0.191,73
1682186400000,0.2,89
1682190000000,0.193,51
1682193600000,0.185,64
1682197200000,0.184,52
1682200800000,0.187,71
1682204400000,0.19,61
1682208000000,0.174,24
1682211600000,0.174,46
1682215200000,0.164,37
1682218800000,0.173,42
1682222400000,0.17,42
1682226000000,0.189,67
1682229600000,0.174,36
1682233200000,0.194,32
1682236800000,0.189,21
1682240400000,0.178,28
1682244000000,0.196,78
1682247600000,0.187,67
1682251200000,0.19,60
1682254800000,0.196,57
1682258400000,0.198,93
1682262000000,0.19,94
1682265600000,0.206,137
1682269200000,0.19,57
1682272800000,0.202,69
1682276400000,0.19,59
1682280000000,0.19,64
1682283600000,0.19,76
1682287200000,0.19,44
1682290800000,0.18,41
1682294400000,0.174,32
1682298000000,0.18,49
1682301600000,0.17,24
1682305200000,0.17,17
1682308800000,0.164,21
1682312400000,0.169,27
1682316000000,0.18,23
1682319600000,0.195,56
1682323200000,0.195,21
1682326800000,0.198,41
1682330400000,0.189,35
1682334000000,0.198,23
1682337600000,0.18,38
1682341200000,0.191,57
1682344800000,0.185,53
1682348400000,0.183,33
1682352000000,0.185,74
1682355600000,0.18,55
1682359200000,0.174,44
1682362800000,0.184,60
1682366400000,0.187,81
1682370000000,0.184,51
1682373600000,0.19,67
1682377200000,0.175,39
1682380800000,0.2,82
1682384400000,0.171,59
1682388000000,0.175,66
1682391600000,0.171,51
1682395200000,0.171,53
1682398800000,0.171,38
1682402400000,0.175,22
1682406000000,0.175,37
1682409600000,0.174,54
1682413200000,0.171,29
1682416800000,0.175,63
1682420400000,0.18,40
1682424000000,0.19,120
1682427600000,0.19,46
1682431200000,0.175,53
1682434800000,0.175,69
1682438400000,0.175,71
1682442000000,0.175,75
1682445600000,0.175,56
1682449200000,0.175,56
1682452800000,0.17,95
1682456400000,0.177,79
1682460000000,0.17,49
1682463600000,0.17,13
1682467200000,0.164,41
1682470800000,0.16,19
1682474400000,0.165,29
1682478000000,0.16,20
1682481600000,0.16,29
1682485200000,0.168,23
1682488800000,0.18,62
1682492400000,0.168,21
1682496000000,0.161,16
1682499600000,0.16,14
1682503200000,0.169,25
1682506800000,0.164,27
1682510400000,0.168,27
1682514000000,0.168,44
1682517600000,0.168,29
1682521200000,0.177,45
1682524800000,0.176,58
1682528400000,0.164,49
1682532000000,0.172,65
1682535600000,0.172,62
1682539200000,0.162,43
1682542800000,0.163,58
1682546400000,0.16,37
1682550000000,0.161,41
1682553600000,0.19,71
1682557200000,0.166,41
1682560800000,0.161,27
1682564400000,0.161,17
1682568000000,0.156,12
1682571600000,0.161,19
1682575200000,0.149,11
1682578800000,0.158,24
1682582400000,0.172,33
1682586000000,0.152,14
1682589600000,0.166,9
1682593200000,0.142,14
1682596800000,0.172,20
1682600400000,0.158,58
1682604000000,0.166,37
1682607600000,0.173,52
1682611200000,0.153,39
1682614800000,0.156,48
1682618400000,0.153,41
1682622000000,0.159,81
1682625600000,0.153,61
1682629200000,0.164,62
1682632800000,0.164,65
1682636400000,0.152,29
1682640000000,0.152,30
1682643600000,0.15,21
1682647200000,0.15,27
1682650800000,0.15,24
1682654400000,0.16,22
1682658000000,0.17,17
1682661600000,0.15,33
1682665200000,0.139,6
1682668800000,0.15,20
1682672400000,0.157,30
1682676000000,0.161,49
1682679600000,0.167,44
1682683200000,0.166,25
1682686800000,0.168,46
1682690400000,0.17,60
1682694000000,0.16,25
1682697600000,0.172,44
1682701200000,0.157,44
1682704800000,0.159,63
1682708400000,0.151,41
1682712000000,0.17,72
1682715600000,0.173,69
1682719200000,0.165,60
1682722800000,0.152,36
1682726400000,0.164,46
1682730000000,0.192,38
1682733600000,0.173,28
1682737200000,0.166,15
1682740800000,0.176,29
1682744400000,0.16,15
1682748000000,0.149,18
1682751600000,0.16,17
1682755200000,0.172,25
1682758800000,0.176,104
1682762400000,0.17,28
1682766000000,0.176,63
1682769600000,0.16,34
1682773200000,0.176,96
1682776800000,0.171,44
1682780400000,0.149,25
1682784000000,0.178,51
1682787600000,0.174,56
1682791200000,0.167,32
1682794800000,0.16,59
1682798400000,0.163,47
1682802000000,0.166,58
1682805600000,0.16,52
1682809200000,0.176,48
1682812800000,0.16,38
1682816400000,0.152,24
1682820000000,0.16,32
1682823600000,0.16,19
1682827200000,0.161,36
1682830800000,0.152,22
1682834400000,0.152,23
1682838000000,0.149,36
1682841600000,0.164,28
1682845200000,0.152,22
1682848800000,0.175,47
1682852400000,0.175,60
1682856000000,0.167,56
1682859600000,0.177,38
1682863200000,0.175,55
1682866800000,0.165,28
1682870400000,0.165,32
1682874000000,0.164,46
1682877600000,0.179,100
1682881200000,0.17,72
1682884800000,0.165,45
1682888400000,0.157,43
1682892000000,0.158,69
1682895600000,0.165,45
1682899200000,0.15,37
1682902800000,0.139,24
1682906400000,0.15,21
1682910000000,0.16,95
1682913600000,0.151,14
1682917200000,0.16,22
1682920800000,0.151,21
1682924400000,0.161,31
1682928000000,0.15,16
1682931600000,0.161,29
1682935200000,0.161,85
1682938800000,0.152,47
1682942400000,0.165,72
1682946000000,0.177,53
1682949600000,0.152,67
1682953200000,0.162,30
1682956800000,0.15,54
1682960400000,0.139,42
1682964000000,0.151,57
1682967600000,0.151,86
1682971200000,0.16,74
1682974800000,0.161,45
1682978400000,0.16,46
1682982000000,0.15,23
1682985600000,0.166,68
1682989200000,0.148,20
1682992800000,0.161,29
1682996400000,0.164,24
1683000000000,0.15,22
1683003600000,0.151,27
1683007200000,0.141,12
1683010800000,0.165,23
1683014400000,0.15,25
1683018000000,0.158,37
1683021600000,0.155,18
1683025200000,0.165,27
1683028800000,0.157,30
1683032400000,0.165,63
1683036000000,0.154,39
1683039600000,0.165,57
1683043200000,0.165,54
1683046800000,0.165,64
1683050400000,0.149,44
1683054000000,0.139,55
1683057600000,0.152,59
1683061200000,0.152,71
1683064800000,0.151,47
1683068400000,0.149,33
1683072000000,0.149,38
1683075600000,0.152,27
1683079200000,0.149,29
1683082800000,0.149,19
1683086400000,0.149,18
1683090000000,0.149,19
1683093600000,0.149,19
1683097200000,0.164,49
1683100800000,0.15,18
1683104400000,0.16,19
1683108000000,0.161,23
1683111600000,0.151,13
1683115200000,0.151,34
1683118800000,0.161,50
1683122400000,0.161,52
1683126000000,0.154,40
1683129600000,0.163,40
1683133200000,0.16,46
1683136800000,0.143,49
1683140400000,0.138,71
1683144000000,0.15,60
1683147600000,0.15,42
1683151200000,0.14,56
1683154800000,0.165,42
1683158400000,0.16,26
1683162000000,0.15,32
1683165600000,0.159,50
1683169200000,0.159,47
1683172800000,0.15,29
1683176400000,0.15,24
1683180000000,0.15,22
1683183600000,0.137,11
1683187200000,0.129,25
1683190800000,0.154,28
1683194400000,0.159,79
1683198000000,0.15,26
1683201600000,0.152,37
1683205200000,0.157,36
1683208800000,0.16,85
1683212400000,0.15,33
1683216000000,0.163,52
1683219600000,0.158,60
1683223200000,0.153,34
1683226800000,0.165,95
1683230400000,0.152,67
1683234000000,0.16,61
1683237600000,0.163,75
1683241200000,0.165,55
1683244800000,0.15,13
1683248400000,0.15,52
1683252000000,0.15,55
1683255600000,0.14,20
1683259200000,0.139,27
1683262800000,0.133,27
1683266400000,0.139,35
1683270000000,0.129,40
1683273600000,0.14,30
1683277200000,0.17,83
1683280800000,0.14,20
1683284400000,0.139,42
1683288000000,0.149,64
1683291600000,0.142,37
1683295200000,0.146,25
1683298800000,0.162,6
1683302400000,0.153,18
1683306000000,0.146,70
1683309600000,0.14,54
1683313200000,0.15,63
1683316800000,0.139,40
1683320400000,0.144,39
1683324000000,0.139,53
1683327600000,0.129,50
1683331200000,0.14,40
1683334800000,0.14,38
1683338400000,0.14,27
1683342000000,0.14,15
1683345600000,0.135,29
1683349200000,0.154,37
1683352800000,0.134,21
1683356400000,0.126,20
1683360000000,0.15,29
1683363600000,0.147,34
1683367200000,0.148,77
1683370800000,0.138,51
1683374400000,0.14,50
1683378000000,0.15,41
1683381600000,0.151,81
1683385200000,0.149,34
1683388800000,0.14,55
1683392400000,0.146,66
1683396000000,0.139,59
1683399600000,0.14,54
1683403200000,0.143,46
1683406800000,0.149,77
1683410400000,0.126,32
1683414000000,0.128,28
1683417600000,0.126,25
1683421200000,0.126,39
1683424800000,0.15,48
1683428400000,0.154,44
1683432000000,0.136,18
1683435600000,0.14,40
1683439200000,0.14,31
1683442800000,0.14,68
1683446400000,0.154,47
1683450000000,0.146,35
1683453600000,0.148,90
1683457200000,0.142,30
1683460800000,0.14,66
1683464400000,0.128,39
1683468000000,0.139,41
1683471600000,0.14,49
1683475200000,0.14,88
1683478800000,0.144,74
1683482400000,0.147,80
1683486000000,0.148,134
1683489600000,0.148,94
1683493200000,0.148,87
1683496800000,0.134,76
1683500400000,0.13,36
1683504000000,0.13,34
1683507600000,0.136,30
1683511200000,0.124,18
1683514800000,0.136,62
1683518400000,0.133,15
1683522000000,0.139,42
1683525600000,0.138,19
1683529200000,0.13,11
1683532800000,0.13,15
1683536400000,0.139,80
1683540000000,0.132,20
1683543600000,0.143,44
1683547200000,0.141,37
1683550800000,0.135,20
1683554400000,0.139,48
1683558000000,0.141,48
1683561600000,0.141,78
1683565200000,0.145,61
1683568800000,0.143,58
1683572400000,0.13,36
1683576000000,0.139,57
1683579600000,0.13,39
1683583200000,0.14,49
1683586800000,0.141,75
1683590400000,0.13,10
1683594000000,0.13,47
1683597600000,0.126,8
1683601200000,0.14,23
1683604800000,0.13,19
1683608400000,0.141,30
1683612000000,0.146,81
1683615600000,0.146,37
1683619200000,0.142,42
1683622800000,0.122,12
1683626400000,0.137,28
1683630000000,0.137,56
1683633600000,0.146,69
1683637200000,0.143,50
1683640800000,0.146,92
1683644400000,0.139,40
1683648000000,0.146,63
1683651600000,0.14,44
1683655200000,0.146,27
1683658800000,0.13,38
1683662400000,0.147,41
1683666000000,0.131,37
1683669600000,0.13,34
1683673200000,0.138,21
1683676800000,0.13,20
1683680400000,0.14,18
1683684000000,0.142,37
1683687600000,0.14,15
1683691200000,0.115,13
1683694800000,0.14,28
1683698400000,0.14,25
1683702000000,0.14,12
1683705600000,0.14,13
1683709200000,0.15,92
1683712800000,0.15,52
1683716400000,0.144,23
1683720000000,0.143,24
1683723600000,0.144,59
1683727200000,0.14,17
1683730800000,0.15,57
1683734400000,0.143,41
1683738000000,0.144,45
1683741600000,0.14,58
1683745200000,0.14,34
1683748800000,0.14,48
1683752400000,0.142,98
1683756000000,0.142,69
1683759600000,0.141,26
1683763200000,0.14,21
1683766800000,0.14,6
1683770400000,0.15,69
1683774000000,0.14,21
1683777600000,0.14,46
1683781200000,0.146,144
1683784800000,0.15,19
1683788400000,0.14,13
1683792000000,0.14,7
1683795600000,0.144,40
1683799200000,0.146,37
1683802800000,0.146,63
1683806400000,0.146,45
1683810000000,0.14,29
1683813600000,0.14,34
1683817200000,0.139,33
1683820800000,0.144,36
1683824400000,0.145,54
1683828000000,0.146,252
1683831600000,0.139,50
1683835200000,0.144,33
1683838800000,0.145,141
1683842400000,0.14,68
1683846000000,0.14,35
1683849600000,0.14,32
1683853200000,0.145,20
1683856800000,0.14,16
1683860400000,0.14,16
1683864000000,0.14,3
1683867600000,0.145,46
1683871200000,0.115,19
1683874800000,0.14,35
1683878400000,0.145,89
1683882000000,0.14,10
1683885600000,0.148,44
1683889200000,0.147,43
1683892800000,0.14,45
1683896400000,0.153,71
1683900000000,0.147,46
1683903600000,0.147,49
1683907200000,0.145,39
1683910800000,0.142,62
1683914400000,0.145,83
1683918000000,0.14,55
1683921600000,0.14,37
1683925200000,0.14,30
1683928800000,0.14,26
1683932400000,0.138,52
1683936000000,0.122,27
1683939600000,0.13,39
1683943200000,0.132,37
1683946800000,0.152,66
1683950400000,0.13,28
1683954000000,0.13,28
1683957600000,0.115,25
1683961200000,0.114,36
1683964800000,0.115,36
1683968400000,0.128,54
1683972000000,0.14,38
1683975600000,0.146,49
1683979200000,0.147,53
1683982800000,0.145,77
1683986400000,0.147,78
1683990000000,0.14,59
1683993600000,0.147,50
1683997200000,0.14,63
1684000800000,0.141,92
1684004400000,0.137,42
1684008000000,0.147,45
1684011600000,0.141,66
1684015200000,0.13,38
1684018800000,0.138,27
1684022400000,0.13,51
1684026000000,0.124,27
1684029600000,0.137,37
1684033200000,0.13,22
1684036800000,0.134,68
1684040400000,0.13,17
1684044000000,0.134,27
1684047600000,0.144,65
1684051200000,0.146,38
1684054800000,0.146,30
1684058400000,0.14,45
1684062000000,0.13,38
1684065600000,0.147,32
1684069200000,0.138,42
1684072800000,0.124,46
1684076400000,0.137,37
1684080000000,0.146,60
1684083600000,0.147,66
1684087200000,0.136,60
1684090800000,0.134,42
1684094400000,0.141,41
1684098000000,0.13,38
1684101600000,0.144,23
1684105200000,0.146,50
1684108800000,0.124,20
1684112400000,0.13,23
1684116000000,0.13,19
1684119600000,0.126,15
1684123200000,0.134,30
1684126800000,0.13,20
1684130400000,0.13,24
1684134000000,0.115,13
1684137600000,0.136,34
1684141200000,0.143,52
1684144800000,0.145,70
1684148400000,0.142,39
1684152000000,0.143,14
1684155600000,0.147,42
1684159200000,0.147,67
1684162800000,0.147,64
1684166400000,0.149,131
1684170000000,0.14,35
1684173600000,0.141,44
1684177200000,0.149,60
1684180800000,0.149,97
1684184400000,0.149,76
1684188000000,0.14,34
1684191600000,0.149,54
1684195200000,0.15,41
1684198800000,0.138,11
1684202400000,0.138,9
1684206000000,0.14,18
1684209600000,0.149,45
1684213200000,0.13,12
1684216800000,0.152,50
1684220400000,0.152,50
1684224000000,0.154,41
1684227600000,0.157,20
1684231200000,0.144,28
1684234800000,0.15,52
1684238400000,0.154,30
1684242000000,0.149,47
1684245600000,0.151,51
1684249200000,0.139,29
1684252800000,0.14,33
1684256400000,0.142,58
1684260000000,0.151,45
1684263600000,0.146,49
1684267200000,0.14,33
1684270800000,0.141,41
1684274400000,0.138,57
1684278000000,0.124,8
1684281600000,0.124,18
1684285200000,0.124,27
1684288800000,0.124,26
1684292400000,0.14,30
1684296000000,0.124,18
1684299600000,0.149,28
1684303200000,0.15,47
1684306800000,0.157,51
1684310400000,0.14,10
1684314000000,0.14,21
1684317600000,0.148,25
1684321200000,0.147,31
1684324800000,0.136,27
1684328400000,0.158,53
1684332000000,0.137,18
1684335600000,0.163,90
1684339200000,0.15,42
1684342800000,0.137,22
1684346400000,0.159,74
1684350000000,0.13,24
1684353600000,0.138,30
1684357200000,0.137,48
1684360800000,0.15,42
1684364400000,0.13,32
1684368000000,0.124,25
1684371600000,0.13,41
1684375200000,0.13,27
1684378800000,0.128,27
1684382400000,0.13,26
1684386000000,0.15,59
1684389600000,0.14,8
1684393200000,0.162,49
1684396800000,0.14,15
1684400400000,0.138,65
1684404000000,0.137,37
1684407600000,0.161,39
1684411200000,0.14,24
1684414800000,0.141,37
1684418400000,0.15,64
1684422000000,0.15,51
1684425600000,0.156,45
1684429200000,0.149,30
1684432800000,0.138,58
1684436400000,0.137,51
1684440000000,0.14,37
1684443600000,0.141,58
1684447200000,0.143,36
1684450800000,0.162,101
1684454400000,0.128,23
1684458000000,0.124,10
1684461600000,0.137,31
1684465200000,0.14,27
1684468800000,0.13,17
1684472400000,0.138,16
1684476000000,0.138,13
1684479600000,0.144,14
1684483200000,0.129,8
1684486800000,0.144,31
1684490400000,0.162,55
1684494000000,0.14,17
1684497600000,0.15,25
1684501200000,0.15,19
1684504800000,0.14,22
1684508400000,0.154,38
1684512000000,0.136,17
1684515600000,0.131,30
1684519200000,0.131,22
1684522800000,0.124,28
1684526400000,0.136,56
1684530000000,0.138,36
1684533600000,0.13,34
1684537200000,0.127,40
1684540800000,0.127,43
1684544400000,0.15,48
1684548000000,0.14,21
1684551600000,0.127,11
1684555200000,0.128,35
1684558800000,0.127,13
1684562400000,0.127,21
1684566000000,0.127,18
1684569600000,0.138,33
1684573200000,0.127,34
1684576800000,0.137,26
1684580400000,0.148,39
1684584000000,0.149,44
1684587600000,0.149,113
1684591200000,0.162,49
1684594800000,0.144,37
1684598400000,0.145,32
1684602000000,0.14,44
1684605600000,0.14,35
1684609200000,0.136,52
1684612800000,0.149,47
1684616400000,0.127,25
1684620000000,0.138,30
1684623600000,0.135,52
1684627200000,0.13,39
1684630800000,0.137,47
1684634400000,0.127,13
1684638000000,0.135,41
1684641600000,0.135,47
1684645200000,0.127,10
1684648800000,0.137,41
1684652400000,0.142,34
1684656000000,0.142,23
1684659600000,0.145,58
1684663200000,0.146,84
