timestamp,price_dollar,sells
1489626000000,0.553,68
1489712400000,0.413,58
1489798800000,0.313,113
1489885200000,0.269,77
1489971600000,0.27,51
1490058000000,0.288,58
1490144400000,0.276,59
1490230800000,0.282,46
1490317200000,0.245,63
1490403600000,0.229,64
1490490000000,0.203,68
1490576400000,0.194,58
1490662800000,0.187,44
1490749200000,0.187,53
1490835600000,0.187,54
1490922000000,0.19,58
1491008400000,0.176,96
1491094800000,0.164,76
1491181200000,0.165,55
1491267600000,0.175,53
1491354000000,0.166,54
1491440400000,0.163,64
1491526800000,0.153,75
1491613200000,0.157,91
1491699600000,0.144,91
1491786000000,0.152,87
1491872400000,0.146,58
1491958800000,0.148,95
1492045200000,0.139,59
1492131600000,0.146,68
1492218000000,0.146,65
1492304400000,0.146,95
1492390800000,0.133,50
1492477200000,0.14,75
1492563600000,0.136,56
1492650000000,0.136,55
1492736400000,0.132,69
1492822800000,0.135,63
1492909200000,0.129,67
1492995600000,0.13,55
1493082000000,0.13,54
1493168400000,0.135,51
1493254800000,0.123,91
1493341200000,0.13,42
1493427600000,0.125,84
1493514000000,0.132,86
1493600400000,0.135,80
1493686800000,0.13,63
1493773200000,0.126,43
1493859600000,0.117,54
1493946000000,0.127,82
1494032400000,0.13,57
1494118800000,0.125,91
1494205200000,0.126,50
1494291600000,0.119,49
1494378000000,0.118,39
1494464400000,0.114,50
1494550800000,0.114,55
1494637200000,0.115,113
1494723600000,0.119,100
1494810000000,0.117,52
1494896400000,0.119,65
1494982800000,0.114,32
1495069200000,0.113,60
1495155600000,0.117,70
1495242000000,0.116,73
1495328400000,0.114,71
1495414800000,0.119,73
1495501200000,0.112,55
1495587600000,0.094,66
1495674000000,0.081,67
1495760400000,0.091,62
1495846800000,0.09,61
1495933200000,0.093,79
1496019600000,0.086,77
1496106000000,0.091,71
1496192400000,0.098,67
1496278800000,0.102,50
1496365200000,0.095,48
1496451600000,0.1,65
1496538000000,0.09,82
1496624400000,0.095,57
1496710800000,0.101,67
1496797200000,0.101,55
1496883600000,0.097,60
1496970000000,0.098,55
1497056400000,0.095,74
1497142800000,0.099,117
1497229200000,0.096,57
1497315600000,0.086,63
1497402000000,0.095,40
1497488400000,0.092,63
1497574800000,0.094,82
1497661200000,0.092,59
1497747600000,0.092,48
1497834000000,0.093,48
1497920400000,0.085,37
1498006800000,0.088,31
1498093200000,0.075,41
1498179600000,0.071,59
1498266000000,0.072,46
1498352400000,0.075,61
1498438800000,0.074,51
1498525200000,0.065,30
1498611600000,0.072,55
1498698000000,0.077,42
1498784400000,0.083,54
1498870800000,0.077,48
1498957200000,0.081,42
1499043600000,0.074,65
1499130000000,0.087,42
1499216400000,0.08,54
1499302800000,0.082,52
1499389200000,0.085,53
1499475600000,0.078,38
1499562000000,0.074,33
1499648400000,0.076,68
1499734800000,0.075,39
1499821200000,0.076,57
1499907600000,0.081,92
1499994000000,0.08,41
1500080400000,0.084,50
1500166800000,0.078,41
1500253200000,0.071,57
1500339600000,0.082,56
1500426000000,0.09,71
1500512400000,0.084,70
1500598800000,0.086,67
1500685200000,0.084,71
1500771600000,0.088,78
1500858000000,0.084,45
1500944400000,0.088,46
1501030800000,0.082,55
1501117200000,0.085,72
1501203600000,0.091,53
1501290000000,0.092,66
1501376400000,0.09,53
1501462800000,0.088,56
1501549200000,0.1,63
1501635600000,0.087,41
1501722000000,0.083,48
1501808400000,0.084,60
1501894800000,0.097,34
1501981200000,0.092,94
1502067600000,0.088,51
1502154000000,0.103,61
1502240400000,0.088,48
1502326800000,0.096,88
1502413200000,0.085,44
1502499600000,0.093,65
1502586000000,0.095,56
1502672400000,0.088,65
1502758800000,0.09,44
1502845200000,0.086,50
1502931600000,0.087,39
1503018000000,0.093,61
1503104400000,0.087,58
1503190800000,0.096,83
1503277200000,0.086,93
1503363600000,0.09,50
1503450000000,0.091,52
1503536400000,0.087,41
1503622800000,0.088,46
1503709200000,0.083,53
1503795600000,0.085,59
1503882000000,0.09,57
1503968400000,0.088,44
1504054800000,0.095,50
1504141200000,0.096,38
1504227600000,0.09,64
1504314000000,0.093,41
1504400400000,0.084,41
1504486800000,0.13,72
1504573200000,0.082,48
1504659600000,0.094,45
1504746000000,0.095,60
1504832400000,0.092,54
1504918800000,0.091,66
1505005200000,0.097,52
1505091600000,0.098,52
1505178000000,0.09,36
1505264400000,0.096,48
1505350800000,0.091,53
1505437200000,0.089,65
1505523600000,0.094,78
1505610000000,0.095,62
1505696400000,0.097,46
1505782800000,0.091,32
1505869200000,0.091,71
1505955600000,0.094,64
1506042000000,0.098,46
1506128400000,0.089,65
1506214800000,0.099,80
1506301200000,0.099,54
1506387600000,0.089,54
1506474000000,0.089,23
1506560400000,0.083,51
1506646800000,0.078,34
1506733200000,0.084,42
1506819600000,0.164,59
1506906000000,0.081,51
1506992400000,0.089,41
1507078800000,0.09,29
1507165200000,0.09,44
1507251600000,0.08,32
1507338000000,0.089,48
1507424400000,0.087,40
1507510800000,0.089,32
1507597200000,0.086,17
1507683600000,0.08,30
1507770000000,0.082,49
1507856400000,0.077,20
1507942800000,0.092,58
1508029200000,0.085,40
1508115600000,0.09,35
1508202000000,0.081,19
1508288400000,0.078,21
1508374800000,0.085,27
1508461200000,0.073,34
1508547600000,0.086,99
1508634000000,0.082,25
1508720400000,0.079,26
1508806800000,0.085,21
1508893200000,0.08,29
1508979600000,0.082,29
1509066000000,0.083,34
1509152400000,0.082,70
1509238800000,0.074,19
1509325200000,0.08,39
1509411600000,0.078,30
1509498000000,0.076,31
1509584400000,0.08,29
1509670800000,0.076,36
1509757200000,0.082,55
1509843600000,0.078,25
1509930000000,0.073,17
1510016400000,0.083,18
1510102800000,0.078,21
1510189200000,0.073,32
1510275600000,0.075,20
1510362000000,0.079,34
1510448400000,0.082,27
1510534800000,0.071,32
1510621200000,0.077,44
1510707600000,0.079,37
1510794000000,0.064,18
1510880400000,0.075,24
1510966800000,0.075,19
1511053200000,0.069,30
1511139600000,0.069,25
1511226000000,0.064,14
1511312400000,0.069,26
1511398800000,0.066,15
1511485200000,0.075,28
1511571600000,0.064,39
1511658000000,0.067,28
1511744400000,0.065,21
1511830800000,0.066,29
1511917200000,0.069,20
1512003600000,0.068,18
1512090000000,0.071,28
1512176400000,0.074,33
1512262800000,0.075,43
1512349200000,0.067,25
1512435600000,0.081,33
1512522000000,0.068,35
1512608400000,0.075,42
1512694800000,0.083,39
1512781200000,0.078,22
1512867600000,0.07,48
1512954000000,0.08,33
1513040400000,0.074,43
1513126800000,0.073,24
1513213200000,0.075,34
1513299600000,0.089,40
1513386000000,0.074,43
1513472400000,0.07,29
1513558800000,0.075,28
1513645200000,0.084,22
1513731600000,0.073,32
1513818000000,0.074,27
1513904400000,0.062,33
1513990800000,0.078,28
1514077200000,0.074,18
1514163600000,0.067,26
1514250000000,0.072,20
1514336400000,0.071,34
1514422800000,0.07,29
1514509200000,0.071,29
1514595600000,0.072,53
1514682000000,0.073,37
1514768400000,0.069,18
1514854800000,0.076,27
1514941200000,0.075,43
1515027600000,0.081,27
1515114000000,0.074,14
1515200400000,0.076,37
1515286800000,0.081,36
1515373200000,0.078,27
1515459600000,0.075,37
1515546000000,0.08,14
1515632400000,0.074,30
1515718800000,0.085,52
1515805200000,0.07,115
1515891600000,0.089,64
1515978000000,0.078,29
1516064400000,0.079,25
1516150800000,0.079,39
1516237200000,0.073,33
1516323600000,0.079,32
1516410000000,0.079,40
1516496400000,0.076,26
1516582800000,0.069,42
1516669200000,0.076,36
1516755600000,0.073,61
1516842000000,0.075,37
1516928400000,0.083,57
1517014800000,0.074,45
1517101200000,0.072,43
1517187600000,0.078,40
1517274000000,0.077,39
1517360400000,0.07,36
1517446800000,0.076,36
1517533200000,0.075,35
1517619600000,0.079,40
1517706000000,0.075,40
1517792400000,0.073,26
1517878800000,0.073,29
1517965200000,0.082,36
1518051600000,0.082,45
1518138000000,0.072,22
1518224400000,0.079,42
1518310800000,0.082,36
1518397200000,0.082,32
1518483600000,0.066,21
1518570000000,0.08,31
1518656400000,0.08,38
1518742800000,0.078,38
1518829200000,0.078,49
1518915600000,0.083,78
1519002000000,0.081,41
1519088400000,0.082,69
1519174800000,0.076,47
1519261200000,0.082,50
1519347600000,0.087,52
1519434000000,0.08,38
1519520400000,0.088,38
1519606800000,0.079,30
1519693200000,0.084,23
1519779600000,0.087,23
1519866000000,0.076,34
1519952400000,0.084,27
1520038800000,0.09,30
1520125200000,0.082,69
1520211600000,0.088,40
1520298000000,0.077,28
1520384400000,0.084,33
1520470800000,0.078,46
1520557200000,0.076,24
1520643600000,0.088,47
1520730000000,0.079,37
1520816400000,0.082,48
1520902800000,0.078,34
1520989200000,0.072,36
1521075600000,0.081,30
1521162000000,0.074,23
1521248400000,0.084,47
1521334800000,0.082,55
1521421200000,0.08,34
1521507600000,0.077,32
1521594000000,0.08,19
1521680400000,0.084,24
1521766800000,0.081,26
1521853200000,0.086,51
1521939600000,0.079,24
1522026000000,0.081,35
1522112400000,0.083,25
1522198800000,0.076,13
1522285200000,0.076,25
1522371600000,0.078,28
1522458000000,0.078,24
1522544400000,0.074,35
1522630800000,0.087,27
1522717200000,0.086,7
1522803600000,0.084,29
1522890000000,0.078,10
1522976400000,0.081,17
1523062800000,0.076,65
1523149200000,0.081,44
1523235600000,0.074,27
1523322000000,0.072,24
1523408400000,0.08,13
1523494800000,0.072,17
1523581200000,0.084,32
1523667600000,0.087,36
1523754000000,0.086,18
1523840400000,0.09,17
1523926800000,0.078,20
1524013200000,0.083,25
1524099600000,0.088,14
1524186000000,0.081,16
1524272400000,0.155,40
1524358800000,0.079,39
1524445200000,0.084,27
1524531600000,0.083,26
1524618000000,0.082,14
1524704400000,0.079,22
1524790800000,0.078,26
1524877200000,0.078,45
1524963600000,0.076,16
1525050000000,0.084,29
1525136400000,0.089,25
1525222800000,0.081,12
1525309200000,0.081,15
1525395600000,0.08,10
1525482000000,0.085,19
1525568400000,0.087,29
1525654800000,0.082,32
1525741200000,0.071,15
1525827600000,0.087,28
1525914000000,0.077,17
1526000400000,0.068,19
1526086800000,0.085,40
1526173200000,0.085,31
1526259600000,0.067,12
1526346000000,0.083,18
1526432400000,0.083,38
1526518800000,0.082,13
1526605200000,0.082,21
1526691600000,0.077,18
1526778000000,0.082,19
1526864400000,0.084,13
1526950800000,0.079,18
1527037200000,0.08,7
1527123600000,0.082,28
1527210000000,0.083,12
1527296400000,0.089,32
1527382800000,0.067,10
1527469200000,0.077,16
1527555600000,0.075,18
1527642000000,0.089,16
1527728400000,0.073,21
1527814800000,0.076,19
1527901200000,0.076,22
1527987600000,0.075,17
1528074000000,0.069,13
1528160400000,0.078,34
1528246800000,0.073,26
1528333200000,0.083,21
1528419600000,0.074,24
1528506000000,0.08,22
1528592400000,0.079,18
1528678800000,0.066,6
1528765200000,0.067,19
1528851600000,0.07,33
1528938000000,0.078,15
1529024400000,0.072,15
1529110800000,0.077,13
1529197200000,0.072,21
1529283600000,0.074,10
1529370000000,0.077,17
1529456400000,0.065,10
1529542800000,0.078,21
1529629200000,0.062,24
1529715600000,0.08,19
1529802000000,0.056,30
1529888400000,0.059,23
1529974800000,0.059,12
1530061200000,0.059,32
1530147600000,0.049,21
1530234000000,0.068,22
1530320400000,0.068,21
1530406800000,0.068,17
1530493200000,0.063,17
1530579600000,0.067,12
1530666000000,0.063,61
1530752400000,0.068,27
1530838800000,0.049,25
1530925200000,0.072,19
1531011600000,0.074,20
1531098000000,0.076,15
1531184400000,0.072,40
1531270800000,0.071,11
1531357200000,0.076,20
1531443600000,0.084,36
1531530000000,0.071,13
1531616400000,0.076,11
1531702800000,0.072,8
1531789200000,0.07,15
1531875600000,0.067,29
1531962000000,0.072,26
1532048400000,0.083,11
1532134800000,0.081,21
1532221200000,0.085,18
1532307600000,0.079,23
1532394000000,0.078,16
1532480400000,0.08,20
1532566800000,0.069,22
1532653200000,0.085,17
1532739600000,0.075,16
1532826000000,0.077,21
1532912400000,0.069,7
1532998800000,0.08,14
1533085200000,0.081,22
1533171600000,0.083,13
1533258000000,0.085,43
1533344400000,0.085,15
1533430800000,0.089,44
1533517200000,0.081,54
1533603600000,0.079,45
1533690000000,0.074,40
1533776400000,0.072,23
1533862800000,0.079,20
1533949200000,0.073,35
1534035600000,0.075,42
1534122000000,0.079,22
1534208400000,0.071,22
1534294800000,0.077,24
1534381200000,0.073,12
1534467600000,0.084,15
1534554000000,0.072,27
1534640400000,0.084,85
1534726800000,0.082,17
1534813200000,0.08,31
1534899600000,0.072,17
1534986000000,0.074,23
1535072400000,0.074,13
1535158800000,0.078,16
1535245200000,0.079,37
1535331600000,0.09,16
1535418000000,0.082,14
1535504400000,0.085,27
1535590800000,0.073,19
1535677200000,0.089,84
1535763600000,0.084,23
1535850000000,0.082,18
1535936400000,0.076,25
1536022800000,0.079,21
1536109200000,0.074,21
1536195600000,0.071,11
1536282000000,0.079,15
1536368400000,0.082,33
1536454800000,0.084,35
1536541200000,0.075,9
1536627600000,0.074,33
1536714000000,0.078,22
1536800400000,0.073,23
1536886800000,0.071,17
1536973200000,0.083,46
1537059600000,0.075,31
1537146000000,0.081,17
1537232400000,0.084,27
1537318800000,0.074,16
1537405200000,0.074,15
1537491600000,0.074,22
1537578000000,0.086,44
1537664400000,0.074,32
1537750800000,0.076,38
1537837200000,0.071,13
1537923600000,0.079,22
1538010000000,0.087,14
1538096400000,0.078,24
1538182800000,0.079,22
1538269200000,0.081,31
1538355600000,0.076,18
1538442000000,0.085,30
1538528400000,0.091,24
1538614800000,0.077,30
1538701200000,0.075,36
1538787600000,0.075,24
1538874000000,0.082,34
1538960400000,0.078,21
1539046800000,0.076,42
1539133200000,0.075,20
1539219600000,0.083,39
1539306000000,0.079,30
1539392400000,0.077,35
1539478800000,0.081,28
1539565200000,0.08,20
1539651600000,0.074,42
1539738000000,0.084,75
1539824400000,0.084,40
1539910800000,0.081,37
1539997200000,0.085,43
1540083600000,0.089,28
1540170000000,0.077,22
1540256400000,0.081,27
1540342800000,0.079,25
1540429200000,0.083,22
1540515600000,0.075,19
1540602000000,0.073,19
1540688400000,0.082,50
1540774800000,0.085,15
1540861200000,0.071,26
1540947600000,0.074,32
1541034000000,0.075,32
1541120400000,0.071,17
1541206800000,0.078,45
1541293200000,0.071,25
1541379600000,0.077,26
1541466000000,0.078,26
1541552400000,0.095,23
1541638800000,0.076,20
1541725200000,0.089,34
1541811600000,0.082,27
1541898000000,0.081,21
1541984400000,0.072,22
1542070800000,0.089,41
1542157200000,0.076,32
1542243600000,0.077,20
1542330000000,0.081,22
1542416400000,0.072,23
1542502800000,0.236,26
1542589200000,0.078,30
1542675600000,0.07,21
1542762000000,0.07,38
1542848400000,0.072,27
1542934800000,0.075,39
1543021200000,0.082,75
1543107600000,0.079,32
1543194000000,0.073,18
1543280400000,0.081,34
1543366800000,0.083,22
1543453200000,0.069,16
1543539600000,0.079,30
1543626000000,0.074,20
1543712400000,0.086,23
1543798800000,0.071,17
1543885200000,0.072,20
1543971600000,0.072,29
1544058000000,0.076,20
1544144400000,0.08,39
1544230800000,0.083,49
1544317200000,0.086,49
1544403600000,0.086,23
1544490000000,0.09,25
1544576400000,0.102,20
1544662800000,0.09,30
1544749200000,0.099,39
1544835600000,0.095,68
1544922000000,0.094,53
1545008400000,0.089,39
1545094800000,0.091,44
1545181200000,0.094,17
1545267600000,0.081,26
1545354000000,0.075,19
1545440400000,0.075,57
1545526800000,0.08,32
1545613200000,0.069,28
1545699600000,0.075,49
1545786000000,0.075,47
1545872400000,0.081,30
1545958800000,0.08,57
1546045200000,0.077,34
1546131600000,0.073,36
1546218000000,0.074,54
1546304400000,0.079,37
1546390800000,0.09,81
1546477200000,0.111,50
1546563600000,0.096,48
1546650000000,0.093,26
1546736400000,0.099,38
1546822800000,0.119,53
1546909200000,0.101,26
1546995600000,0.093,25
1547082000000,0.104,44
1547168400000,0.099,22
1547254800000,0.105,42
1547341200000,0.093,25
1547427600000,0.091,25
1547514000000,0.078,18
1547600400000,0.091,37
1547686800000,0.087,23
1547773200000,0.076,32
1547859600000,0.072,25
1547946000000,0.081,55
1548032400000,0.071,22
1548118800000,0.082,56
1548205200000,0.08,25
1548291600000,0.077,23
1548378000000,0.08,26
1548464400000,0.08,39
1548550800000,0.079,44
1548637200000,0.077,27
1548723600000,0.071,21
1548810000000,0.082,38
1548896400000,0.087,62
1548982800000,0.08,41
1549069200000,0.083,81
1549155600000,0.082,40
1549242000000,0.077,58
1549328400000,0.078,41
1549414800000,0.078,42
1549501200000,0.166,46
1549587600000,0.078,72
1549674000000,0.081,39
1549760400000,0.078,46
1549846800000,0.078,43
1549933200000,0.07,31
1550019600000,0.08,42
1550106000000,0.082,37
1550192400000,0.077,59
1550278800000,0.083,47
1550365200000,0.08,35
1550451600000,0.08,12
1550538000000,0.081,22
1550624400000,0.081,39
1550710800000,0.076,23
1550797200000,0.086,32
1550883600000,0.086,39
1550970000000,0.086,38
1551056400000,0.085,35
1551142800000,0.083,28
1551229200000,0.081,31
1551315600000,0.085,45
1551402000000,0.086,36
1551488400000,0.08,36
1551574800000,0.08,90
1551661200000,0.078,21
1551747600000,0.074,59
1551834000000,0.073,21
1551920400000,0.074,17
1552006800000,0.077,37
1552093200000,0.077,46
1552179600000,0.079,41
1552266000000,0.079,49
1552352400000,0.078,27
1552438800000,0.074,34
1552525200000,0.078,37
1552611600000,0.085,50
1552698000000,0.089,79
1552784400000,0.083,60
1552870800000,0.087,35
1552957200000,0.086,44
1553043600000,0.088,52
1553130000000,0.093,58
1553216400000,0.087,80
1553302800000,0.083,46
1553389200000,0.085,56
1553475600000,0.086,40
1553562000000,0.087,40
1553648400000,0.089,97
1553734800000,0.082,32
1553821200000,0.086,48
1553907600000,0.086,38
1553994000000,0.082,84
1554080400000,0.088,61
1554166800000,0.115,55
1554253200000,0.082,61
1554339600000,0.088,31
1554426000000,0.086,27
1554512400000,0.086,55
1554598800000,0.095,26
1554685200000,0.083,29
1554771600000,0.086,41
1554858000000,0.088,40
1554944400000,0.092,35
1555030800000,0.091,42
1555117200000,0.093,49
1555203600000,0.088,43
1555290000000,0.09,45
1555376400000,0.088,33
1555462800000,0.082,35
1555549200000,0.085,49
1555635600000,0.092,39
1555722000000,0.087,32
1555808400000,0.087,53
1555894800000,0.091,38
1555981200000,0.106,57
1556067600000,0.082,25
1556154000000,0.09,33
1556240400000,0.083,65
1556326800000,0.089,54
1556413200000,0.086,28
1556499600000,0.128,33
1556586000000,1.423,24
1556672400000,0.087,47
1556758800000,0.088,35
1556845200000,0.087,28
1556931600000,0.093,51
1557018000000,0.087,22
1557104400000,0.085,22
1557190800000,0.083,20
1557277200000,0.087,46
1557363600000,0.08,24
1557450000000,0.08,22
1557536400000,0.089,38
1557622800000,0.083,36
1557709200000,0.083,51
1557795600000,0.086,20
1557882000000,0.095,29
1557968400000,0.092,38
1558054800000,0.086,43
1558141200000,0.09,40
1558227600000,0.089,30
1558314000000,0.086,33
1558400400000,0.091,35
1558486800000,0.087,22
1558573200000,0.094,35
1558659600000,0.103,34
1558746000000,0.101,31
1558832400000,0.084,35
1558918800000,0.084,33
1559005200000,0.095,50
1559091600000,0.103,26
1559178000000,0.084,19
1559264400000,0.088,37
1559350800000,0.086,27
1559437200000,0.092,43
1559523600000,0.093,42
1559610000000,0.096,46
1559696400000,0.087,25
1559782800000,0.088,33
1559869200000,0.091,30
1559955600000,0.094,26
1560042000000,0.097,66
1560128400000,0.089,35
1560214800000,0.096,24
1560301200000,0.105,37
1560387600000,0.098,29
1560474000000,0.093,28
1560560400000,0.102,37
1560646800000,0.108,27
1560733200000,0.108,23
1560819600000,0.096,29
1560906000000,0.095,18
1560992400000,0.119,31
1561078800000,0.096,21
1561165200000,0.104,44
1561251600000,0.118,28
1561338000000,0.092,47
1561424400000,0.08,34
1561510800000,0.077,32
1561597200000,0.081,26
1561683600000,0.077,44
1561770000000,0.075,22
1561856400000,0.076,20
1561942800000,0.074,30
1562029200000,0.08,34
1562115600000,0.08,29
1562202000000,0.08,24
1562288400000,0.077,25
1562374800000,0.079,44
1562461200000,0.081,36
1562547600000,0.078,25
1562634000000,0.08,34
1562720400000,0.077,24
1562806800000,0.082,25
1562893200000,0.084,24
1562979600000,0.088,132
1563066000000,0.085,29
1563152400000,0.09,23
1563238800000,0.089,26
1563325200000,0.086,18
1563411600000,0.087,19
1563498000000,0.091,32
1563584400000,0.094,19
1563670800000,0.081,16
1563757200000,0.089,30
1563843600000,0.087,49
1563930000000,0.091,33
1564016400000,0.085,45
1564102800000,0.091,78
1564189200000,0.092,14
1564275600000,0.086,42
1564362000000,0.079,129
1564448400000,0.084,15
1564534800000,0.082,26
1564621200000,0.089,26
1564707600000,0.095,39
1564794000000,0.088,21
1564880400000,0.712,51
1564966800000,0.086,31
1565053200000,0.082,30
1565139600000,0.081,43
1565226000000,0.084,33
1565312400000,0.079,33
1565398800000,0.089,40
1565485200000,0.087,37
1565571600000,0.084,37
1565658000000,0.075,43
1565744400000,0.083,30
1565830800000,0.087,21
1565917200000,0.083,28
1566003600000,0.081,42
1566090000000,0.079,37
1566176400000,0.077,44
1566262800000,0.082,14
1566349200000,0.078,25
1566435600000,0.089,51
1566522000000,0.077,25
1566608400000,0.079,39
1566694800000,0.087,26
1566781200000,0.088,36
1566867600000,0.082,38
1566954000000,0.089,31
1567040400000,0.08,46
1567126800000,0.087,21
1567213200000,0.077,28
1567299600000,0.08,41
1567386000000,0.085,20
1567472400000,0.079,29
1567558800000,0.079,36
1567645200000,0.083,19
1567731600000,0.082,59
1567818000000,0.096,35
1567904400000,0.081,37
1567990800000,0.072,28
1568077200000,0.074,26
1568163600000,0.078,34
1568250000000,0.074,28
1568336400000,0.079,42
1568422800000,0.08,32
1568509200000,0.08,48
1568595600000,0.086,27
1568682000000,0.081,32
1568768400000,0.076,36
1568854800000,0.081,21
1568941200000,0.078,49
1569027600000,0.081,52
1569114000000,0.079,31
1569200400000,0.079,13
1569286800000,0.079,27
1569373200000,0.08,16
1569459600000,0.079,21
1569546000000,0.081,38
1569632400000,0.086,41
1569718800000,0.081,30
1569805200000,0.084,20
1569891600000,0.085,21
1569978000000,0.084,34
1570064400000,0.086,35
1570150800000,0.076,40
1570237200000,0.082,28
1570323600000,0.084,48
1570410000000,0.077,28
1570496400000,0.079,45
1570582800000,0.086,36
1570669200000,0.087,32
1570755600000,0.08,45
1570842000000,0.093,47
1570928400000,0.081,42
1571014800000,0.081,35
1571101200000,0.088,34
1571187600000,0.082,32
1571274000000,0.084,15
1571360400000,0.075,28
1571446800000,0.078,43
1571533200000,0.08,45
1571619600000,0.085,40
1571706000000,0.076,45
1571792400000,0.082,41
1571878800000,0.077,46
1571965200000,0.079,36
1572051600000,0.077,43
1572138000000,0.075,35
1572224400000,0.08,31
1572310800000,0.08,28
1572397200000,0.072,33
1572483600000,0.077,36
1572570000000,0.074,34
1572656400000,0.08,48
1572742800000,0.077,61
1572829200000,0.078,36
1572915600000,0.073,31
1573002000000,0.084,42
1573088400000,0.079,22
1573174800000,0.082,38
1573261200000,0.074,25
1573347600000,0.079,34
1573434000000,0.083,25
1573520400000,11.672,27
1573606800000,0.077,11
1573693200000,0.079,26
1573779600000,0.079,11
1573866000000,0.08,44
1573952400000,0.08,17
1574038800000,0.078,12
1574125200000,0.071,29
1574211600000,0.075,26
1574298000000,0.071,20
1574384400000,0.075,26
1574470800000,0.074,14
1574557200000,0.076,22
1574643600000,0.075,19
1574730000000,0.069,20
1574816400000,3.732,37
1574902800000,0.067,26
1574989200000,0.069,36
1575075600000,0.068,31
1575162000000,0.071,35
1575248400000,0.067,28
1575334800000,0.071,28
1575421200000,0.07,35
1575507600000,0.075,18
1575594000000,0.062,31
1575680400000,0.078,74
1575766800000,0.077,26
1575853200000,0.081,35
1575939600000,0.077,25
1576026000000,0.077,23
1576112400000,0.076,32
1576198800000,0.079,42
1576285200000,1.316,32
1576371600000,0.071,27
1576458000000,0.073,28
1576544400000,3.083,34
1576630800000,0.075,37
1576717200000,0.069,27
1576803600000,0.076,36
1576890000000,0.074,28
1576976400000,0.075,35
1577062800000,0.073,25
1577149200000,0.069,44
1577235600000,0.074,44
1577322000000,0.069,37
1577408400000,0.07,31
1577494800000,0.073,43
1577581200000,12.984,36
1577667600000,0.073,46
1577754000000,0.069,48
1577840400000,0.077,59
1577926800000,0.077,41
1578013200000,0.076,40
1578099600000,2.436,96
1578186000000,0.089,21
1578272400000,0.075,32
1578358800000,0.078,34
1578445200000,0.086,48
1578531600000,0.475,34
1578618000000,0.071,32
1578704400000,0.078,45
1578790800000,0.078,39
1578877200000,0.082,40
1578963600000,0.083,34
1579050000000,0.075,24
1579136400000,0.083,56
1579222800000,2.821,21
1579309200000,0.083,40
1579395600000,0.082,44
1579482000000,0.971,61
1579568400000,0.081,18
1579654800000,0.079,31
1579741200000,0.08,31
1579827600000,0.081,59
1579914000000,0.086,59
1580000400000,0.076,23
1580086800000,0.08,50
1580173200000,0.081,30
1580259600000,0.08,36
1580346000000,0.084,63
1580432400000,0.078,32
1580518800000,0.078,26
1580605200000,0.077,61
1580691600000,7.794,41
1580778000000,0.079,62
1580864400000,0.082,70
1580950800000,0.089,41
1581037200000,0.428,27
1581123600000,0.077,43
1581210000000,0.082,40
1581296400000,0.08,39
1581382800000,0.081,41
1581469200000,0.083,65
1581555600000,0.082,60
1581642000000,0.083,43
1581728400000,0.08,31
1581814800000,0.077,41
1581901200000,0.08,47
1581987600000,0.082,82
1582074000000,0.084,84
1582160400000,0.084,59
1582246800000,0.082,51
1582333200000,0.085,88
1582419600000,0.08,44
1582506000000,0.085,46
1582592400000,0.079,35
1582678800000,0.078,50
1582765200000,0.076,28
1582851600000,1.492,44
1582938000000,0.079,56
1583024400000,0.08,100
1583110800000,0.076,49
1583197200000,0.076,59
1583283600000,0.08,50
1583370000000,0.078,59
1583456400000,0.081,59
1583542800000,0.083,63
1583629200000,0.081,47
1583715600000,0.079,36
1583802000000,0.076,57
1583888400000,0.079,44
1583974800000,0.08,72
1584061200000,0.082,35
1584147600000,0.082,53
1584234000000,0.078,60
1584320400000,0.077,69
1584406800000,0.078,73
1584493200000,0.074,102
1584579600000,0.076,51
1584666000000,0.073,57
1584752400000,0.072,49
1584838800000,0.072,54
1584925200000,0.07,41
1585011600000,0.07,46
1585098000000,0.065,51
1585184400000,0.071,65
1585270800000,0.075,63
1585357200000,0.07,64
1585443600000,0.074,133
1585530000000,0.079,96
1585616400000,0.062,59
1585702800000,0.067,79
1585789200000,0.071,133
1585875600000,0.07,90
1585962000000,0.068,104
1586048400000,0.068,65
1586134800000,0.067,78
1586221200000,0.066,71
1586307600000,0.066,87
1586394000000,0.068,77
1586480400000,0.073,83
1586566800000,0.072,85
1586653200000,0.073,69
1586739600000,0.077,108
1586826000000,0.076,79
1586912400000,0.422,97
1586998800000,0.077,98
1587085200000,0.075,96
1587171600000,0.077,69
1587258000000,0.08,88
1587344400000,0.079,96
1587430800000,0.08,83
1587517200000,0.077,69
1587603600000,0.082,108
1587690000000,0.087,75
1587776400000,0.083,67
1587862800000,0.082,50
1587949200000,0.074,47
1588035600000,0.074,84
1588122000000,0.074,60
1588208400000,0.073,79
1588294800000,0.075,64
1588381200000,0.077,45
1588467600000,0.071,85
1588554000000,0.072,79
1588640400000,0.068,62
1588726800000,0.076,65
1588813200000,0.073,47
1588899600000,0.075,82
1588986000000,0.077,65
1589072400000,0.078,83
1589158800000,0.078,95
1589245200000,0.078,68
1589331600000,0.077,74
1589418000000,0.079,77
1589504400000,0.078,46
1589590800000,0.079,48
1589677200000,0.078,44
1589763600000,0.078,52
1589850000000,0.071,69
1589936400000,0.074,36
1590022800000,0.078,55
1590109200000,0.082,43
1590195600000,0.08,51
1590282000000,0.074,55
1590368400000,0.077,44
1590454800000,0.071,44
1590541200000,0.076,88
1590627600000,0.073,57
1590714000000,0.076,65
1590800400000,0.075,64
1590886800000,0.075,64
1590973200000,0.078,65
1591059600000,0.075,35
1591146000000,0.082,42
1591232400000,0.074,40
1591318800000,0.076,48
1591405200000,0.079,35
1591491600000,0.075,35
1591578000000,0.08,46
1591664400000,0.077,59
1591750800000,0.079,56
1591837200000,0.076,52
1591923600000,0.077,62
1592010000000,0.076,45
1592096400000,0.07,44
1592182800000,0.08,40
1592269200000,0.076,62
1592355600000,0.075,46
1592442000000,0.081,35
1592528400000,0.074,50
1592614800000,0.071,39
1592701200000,0.077,29
1592787600000,0.074,86
1592874000000,0.074,41
1592960400000,0.072,46
1593046800000,0.077,38
1593133200000,0.072,56
1593219600000,0.066,51
1593306000000,0.066,49
1593392400000,0.067,63
1593478800000,0.063,35
1593565200000,0.065,54
1593651600000,0.064,64
1593738000000,0.062,54
1593824400000,0.069,46
1593910800000,0.069,28
1593997200000,0.07,41
1594083600000,0.067,44
1594170000000,0.894,60
1594256400000,0.072,46
1594342800000,0.075,33
1594429200000,0.074,26
1594515600000,0.077,37
1594602000000,0.076,27
1594688400000,0.081,35
1594774800000,0.074,43
1594861200000,0.074,48
1594947600000,0.076,41
1595034000000,0.067,35
1595120400000,0.074,24
1595206800000,0.076,41
1595293200000,0.072,31
1595379600000,0.085,42
1595466000000,0.075,38
1595552400000,0.076,53
1595638800000,0.077,26
1595725200000,0.081,26
1595811600000,0.074,33
1595898000000,0.07,30
1595984400000,0.076,29
1596070800000,0.077,26
1596157200000,0.077,41
1596243600000,0.077,27
1596330000000,0.084,31
1596416400000,0.077,32
1596502800000,0.074,25
1596589200000,0.081,34
1596675600000,0.073,28
1596762000000,0.075,36
1596848400000,0.084,53
1596934800000,0.074,49
1597021200000,0.075,59
1597107600000,0.077,40
1597194000000,0.075,35
1597280400000,0.073,45
1597366800000,0.077,40
1597453200000,0.07,39
1597539600000,0.071,39
1597626000000,0.071,52
1597712400000,0.068,36
1597798800000,0.073,47
1597885200000,0.084,45
1597971600000,0.075,61
1598058000000,0.076,44
1598144400000,0.072,32
1598230800000,0.073,65
1598317200000,0.067,56
1598403600000,0.075,46
1598490000000,0.076,72
1598576400000,0.073,80
1598662800000,0.079,55
1598749200000,0.074,63
1598835600000,0.076,35
1598922000000,0.073,34
1599008400000,0.071,37
1599094800000,0.076,31
1599181200000,0.075,45
1599267600000,0.076,49
1599354000000,0.072,27
1599440400000,0.072,43
1599526800000,0.076,27
1599613200000,0.074,27
1599699600000,0.071,52
1599786000000,0.071,44
1599872400000,0.078,56
1599958800000,0.071,44
1600045200000,0.074,32
1600131600000,0.073,47
1600218000000,0.072,30
1600304400000,0.075,64
1600390800000,0.071,36
1600477200000,0.072,69
1600563600000,0.075,38
1600650000000,0.078,40
1600736400000,0.076,25
1600822800000,0.073,48
1600909200000,0.074,32
1600995600000,0.072,30
1601082000000,0.069,48
1601168400000,0.075,60
1601254800000,0.069,24
1601341200000,0.075,29
1601427600000,0.068,40
1601514000000,0.07,31
1601600400000,0.069,27
1601686800000,0.192,36
1601773200000,0.077,50
1601859600000,1.73,35
1601946000000,0.074,54
1602032400000,0.074,53
1602118800000,0.074,42
1602205200000,0.073,39
1602291600000,0.072,31
1602378000000,0.071,27
1602464400000,0.069,29
1602550800000,0.072,42
1602637200000,0.067,21
1602723600000,0.067,43
1602810000000,0.08,68
1602896400000,0.07,37
1602982800000,0.072,34
1603069200000,0.074,37
1603155600000,0.072,29
1603242000000,0.07,25
1603328400000,0.072,19
1603414800000,0.07,54
1603501200000,0.069,28
1603587600000,0.069,34
1603674000000,0.072,32
1603760400000,0.071,23
1603846800000,0.071,37
1603933200000,0.065,25
1604019600000,0.065,54
1604106000000,0.071,43
1604192400000,0.062,32
1604278800000,0.068,28
1604365200000,0.071,52
1604451600000,0.068,32
1604538000000,0.066,24
1604624400000,0.069,29
1604710800000,0.072,43
1604797200000,0.07,56
1604883600000,0.067,39
1604970000000,0.074,26
1605056400000,0.07,25
1605142800000,1.379,28
1605229200000,0.071,35
1605315600000,0.068,31
1605402000000,0.075,23
1605488400000,0.073,44
1605574800000,0.071,28
1605661200000,0.078,34
1605747600000,1.803,25
1605834000000,0.081,30
1605920400000,0.082,38
1606006800000,0.08,60
1606093200000,0.069,25
1606179600000,0.071,50
1606266000000,0.072,28
1606352400000,0.074,58
1606438800000,0.07,42
1606525200000,0.073,46
1606611600000,0.077,61
1606698000000,3.977,29
1606784400000,0.069,45
1606870800000,0.06,34
1606957200000,0.071,57
1607043600000,0.062,33
1607130000000,0.063,42
1607216400000,0.066,32
1607302800000,0.074,29
1607389200000,0.801,33
1607475600000,0.073,38
1607562000000,0.066,33
1607648400000,0.074,27
1607734800000,0.074,47
1607821200000,0.064,20
1607907600000,0.078,27
1607994000000,0.073,20
1608080400000,0.075,34
1608166800000,0.071,23
1608253200000,0.069,22
1608339600000,0.079,38
1608426000000,0.07,50
1608512400000,0.07,45
1608598800000,0.894,30
1608685200000,0.074,28
1608771600000,0.07,41
1608858000000,0.07,21
1608944400000,0.075,32
1609030800000,0.074,34
1609117200000,0.075,34
1609203600000,0.221,36
1609290000000,0.072,46
1609376400000,0.075,24
1609462800000,0.076,39
1609549200000,0.07,32
1609635600000,0.068,27
1609722000000,0.075,36
1609808400000,0.076,43
1609894800000,0.073,50
1609981200000,0.074,50
1610067600000,0.074,33
1610154000000,0.075,40
1610240400000,0.081,53
1610326800000,0.083,43
1610413200000,0.082,49
1610499600000,0.086,51
1610586000000,0.084,31
1610672400000,0.105,18
1610758800000,0.09,45
1610845200000,0.084,41
1610931600000,0.092,34
1611018000000,0.095,34
1611104400000,0.433,29
1611190800000,0.08,26
1611277200000,0.088,50
1611363600000,0.082,29
1611450000000,0.084,16
1611536400000,0.086,30
1611622800000,0.087,24
1611709200000,0.082,31
1611795600000,0.079,39
1611882000000,0.074,28
1611968400000,0.072,29
1612054800000,0.079,35
1612141200000,0.077,23
1612227600000,0.078,24
1612314000000,0.074,23
1612400400000,0.08,32
1612486800000,0.077,31
1612573200000,0.079,21
1612659600000,0.076,20
1612746000000,0.08,70
1612832400000,0.078,37
1612918800000,0.08,32
1613005200000,0.081,28
1613091600000,0.074,43
1613178000000,0.069,32
1613264400000,0.076,33
1613350800000,0.078,35
1613437200000,0.073,38
1613523600000,3.183,23
1613610000000,0.073,36
1613696400000,0.066,26
1613782800000,0.074,32
1613869200000,0.067,33
1613955600000,0.077,214
1614042000000,0.082,31
1614128400000,0.078,17
1614214800000,0.075,91
1614301200000,0.077,29
1614387600000,0.083,32
1614474000000,0.077,33
1614560400000,0.079,53
1614646800000,0.072,21
1614733200000,0.082,19
1614819600000,0.081,34
1614906000000,0.078,21
1614992400000,0.076,34
1615078800000,0.078,49
1615165200000,0.076,32
1615251600000,0.073,33
1615338000000,0.081,91
1615424400000,0.083,51
1615510800000,0.082,25
1615597200000,0.084,33
1615683600000,0.083,26
1615770000000,0.079,34
1615856400000,0.083,40
1615942800000,0.088,15
1616029200000,0.088,45
1616115600000,0.082,44
1616202000000,0.087,73
1616288400000,0.084,41
1616374800000,0.084,29
1616461200000,0.078,41
1616547600000,0.086,69
1616634000000,0.091,43
1616720400000,0.085,43
1616806800000,0.082,57
1616893200000,0.092,89
1616979600000,0.091,63
1617066000000,0.095,57
1617152400000,0.092,30
1617238800000,0.086,40
1617325200000,0.097,64
1617411600000,0.096,37
1617498000000,0.094,41
1617584400000,0.1,39
1617670800000,0.106,53
1617757200000,0.097,27
1617843600000,0.089,49
1617930000000,0.089,45
1618016400000,0.088,43
1618102800000,0.087,33
1618189200000,0.082,36
1618275600000,0.088,29
1618362000000,0.09,11
1618448400000,0.089,50
1618534800000,0.09,43
1618621200000,0.1,82
1618707600000,0.105,39
1618794000000,0.104,36
1618880400000,0.103,14
1618966800000,0.096,35
1619053200000,0.099,39
1619139600000,0.087,54
1619226000000,0.093,63
1619312400000,0.095,75
1619398800000,0.105,54
1619485200000,0.1,27
1619571600000,0.105,36
1619658000000,0.109,61
1619744400000,0.104,20
1619830800000,0.108,38
1619917200000,0.103,35
1620003600000,0.108,62
1620090000000,0.113,22
1620176400000,0.104,41
1620262800000,0.104,33
1620349200000,0.097,31
1620435600000,0.102,64
1620522000000,0.094,53
1620608400000,0.098,29
1620694800000,0.09,38
1620781200000,0.105,53
1620867600000,0.106,55
1620954000000,0.11,43
1621040400000,0.112,35
1621126800000,0.1,30
1621213200000,0.098,35
1621299600000,0.106,54
1621386000000,0.11,27
1621472400000,0.108,36
1621558800000,0.109,36
1621645200000,0.114,42
1621731600000,0.112,38
1621818000000,0.107,51
1621904400000,0.11,28
1621990800000,0.106,43
1622077200000,0.103,44
1622163600000,0.111,56
1622250000000,0.108,46
1622336400000,0.112,25
1622422800000,0.109,35
1622509200000,0.104,32
1622595600000,0.108,48
1622682000000,0.101,39
1622768400000,0.095,27
1622854800000,0.094,32
1622941200000,0.098,36
1623027600000,0.097,45
1623114000000,0.098,33
1623200400000,0.099,58
1623286800000,0.094,40
1623373200000,0.09,44
1623459600000,0.087,47
1623546000000,0.086,27
1623632400000,0.083,26
1623718800000,0.083,25
1623805200000,0.081,31
1623891600000,0.085,106
1623978000000,0.082,30
1624064400000,0.074,29
1624150800000,0.078,35
1624237200000,0.073,18
1624323600000,0.073,31
1624410000000,0.088,69
1624496400000,0.069,46
1624582800000,0.068,25
1624669200000,0.067,18
1624755600000,0.069,17
1624842000000,0.074,37
1624928400000,0.071,20
1625014800000,0.067,29
1625101200000,0.068,23
1625187600000,0.069,42
1625274000000,0.066,24
1625360400000,0.069,14
1625446800000,0.063,17
1625533200000,0.062,46
1625619600000,0.063,27
1625706000000,0.064,27
1625792400000,0.064,18
1625878800000,0.063,21
1625965200000,0.071,16
1626051600000,0.066,24
1626138000000,0.057,14
1626224400000,0.066,22
1626310800000,0.066,22
1626397200000,0.056,25
1626483600000,0.064,256
1626570000000,0.241,25
1626656400000,0.152,34
1626742800000,0.161,12
1626829200000,0.127,25
1626915600000,0.11,47
1627002000000,0.113,20
1627088400000,0.111,13
1627174800000,0.108,20
1627261200000,0.104,10
1627347600000,0.105,7
1627434000000,0.097,13
1627520400000,0.09,20
1627606800000,0.085,17
1627693200000,0.078,15
1627779600000,0.076,13
1627866000000,0.071,22
1627952400000,0.068,20
1628038800000,0.069,24
1628125200000,0.061,25
1628211600000,0.06,26
1628298000000,0.062,46
1628384400000,0.064,44
1628470800000,0.069,29
1628557200000,0.072,19
1628643600000,0.07,26
1628730000000,0.077,14
1628816400000,0.073,22
1628902800000,0.072,23
1628989200000,0.07,39
1629075600000,0.385,53
1629162000000,0.08,22
1629248400000,0.079,34
1629334800000,0.07,24
1629421200000,0.084,22
1629507600000,0.076,19
1629594000000,0.071,26
1629680400000,0.074,26
1629766800000,0.079,20
1629853200000,0.109,19
1629939600000,0.085,24
1630026000000,0.081,20
1630112400000,0.083,30
1630198800000,0.088,31
1630285200000,0.093,22
1630371600000,0.1,39
1630458000000,0.083,19
1630544400000,0.076,17
1630630800000,0.081,13
1630717200000,0.084,37
1630803600000,0.095,23
1630890000000,0.091,26
1630976400000,0.089,16
1631062800000,0.085,14
1631149200000,0.076,20
1631235600000,0.076,27
1631322000000,0.079,25
1631408400000,0.074,29
1631494800000,0.079,26
1631581200000,0.083,25
1631667600000,0.088,28
1631754000000,0.693,32
1631840400000,0.085,30
1631926800000,0.098,49
1632013200000,0.109,30
1632099600000,0.102,12
1632186000000,0.096,22
1632272400000,0.085,42
1632358800000,0.074,19
1632445200000,0.076,29
1632531600000,0.085,45
1632618000000,0.106,28
1632704400000,0.097,22
1632790800000,0.094,12
1632877200000,0.114,34
1632963600000,0.105,41
1633050000000,0.103,25
1633136400000,0.106,30
1633222800000,0.109,21
1633309200000,0.11,29
1633395600000,0.104,20
1633482000000,0.113,53
1633568400000,0.11,11
1633654800000,0.109,50
1633741200000,0.118,31
1633827600000,0.115,14
1633914000000,0.114,10
1634000400000,0.116,24
1634086800000,0.11,24
1634173200000,0.111,18
1634259600000,0.103,18
1634346000000,0.113,35
1634432400000,0.103,18
1634518800000,0.113,8
1634605200000,0.096,15
1634691600000,0.101,14
1634778000000,0.104,28
1634864400000,0.097,12
1634950800000,0.101,9
1635037200000,0.094,17
1635123600000,0.071,25
1635210000000,0.087,8
1635296400000,0.078,13
1635382800000,0.087,53
1635469200000,0.086,31
1635555600000,0.086,41
1635642000000,0.095,25
1635728400000,0.097,25
1635814800000,0.08,14
1635901200000,0.094,37
1635987600000,0.092,15
1636074000000,0.107,20
1636160400000,0.1,27
1636246800000,0.104,9
1636333200000,0.09,23
1636419600000,0.103,35
1636506000000,0.104,27
1636592400000,0.101,20
1636678800000,0.109,19
1636765200000,0.109,28
1636851600000,0.1,12
1636938000000,0.086,23
1637024400000,0.093,14
1637110800000,0.084,12
1637197200000,0.097,24
1637283600000,0.095,27
1637370000000,0.095,36
1637456400000,0.108,46
1637542800000,0.1,16
1637629200000,0.087,11
1637715600000,0.093,37
1637802000000,0.095,27
1637888400000,0.094,18
1637974800000,0.094,30
1638061200000,0.093,20
1638147600000,0.092,16
1638234000000,0.088,26
1638320400000,0.089,15
1638406800000,0.087,9
1638493200000,0.096,38
1638579600000,0.096,10
1638666000000,0.097,51
1638752400000,0.096,24
1638838800000,0.093,9
1638925200000,0.095,27
1639011600000,0.086,27
1639098000000,0.083,20
1639184400000,0.084,14
1639270800000,0.084,29
1639357200000,0.078,32
1639443600000,0.079,14
1639530000000,0.076,30
1639616400000,0.085,35
1639702800000,0.077,32
1639789200000,0.096,45
1639875600000,0.086,23
1639962000000,0.086,9
1640048400000,0.088,15
1640134800000,0.1,32
1640221200000,0.095,17
1640307600000,0.099,35
1640394000000,0.102,29
1640480400000,0.104,11
1640566800000,0.104,5
1640653200000,0.108,11
1640739600000,0.084,15
1640826000000,0.083,19
1640912400000,0.085,34
1640998800000,0.088,26
1641085200000,0.09,29
1641171600000,0.1,34
1641258000000,0.091,25
1641344400000,0.118,38
1641430800000,0.13,26
1641517200000,0.111,17
1641603600000,0.121,18
1641690000000,0.119,24
1641776400000,0.113,15
1641862800000,0.116,25
1641949200000,0.107,16
1642035600000,0.111,14
1642122000000,0.111,23
1642208400000,0.124,26
1642294800000,0.118,27
1642381200000,0.121,8
1642467600000,0.108,12
1642554000000,0.135,42
1642640400000,0.13,31
1642726800000,0.129,30
1642813200000,0.147,31
1642899600000,0.152,26
1642986000000,0.156,17
1643072400000,0.165,33
1643158800000,0.173,25
1643245200000,0.13,19
1643331600000,0.145,23
1643418000000,0.143,39
1643504400000,0.121,18
1643590800000,0.139,18
1643677200000,0.146,47
1643763600000,0.134,27
1643850000000,0.137,32
1643936400000,0.12,18
1644022800000,0.141,33
1644109200000,0.149,25
1644195600000,0.147,35
1644282000000,0.136,18
1644368400000,0.147,14
1644454800000,0.138,18
1644541200000,0.153,28
1644627600000,0.131,21
1644714000000,0.139,35
1644800400000,0.124,17
1644886800000,0.138,32
1644973200000,0.134,14
1645059600000,0.124,12
1645146000000,0.132,42
1645232400000,0.148,21
1645318800000,0.135,22
1645405200000,0.134,21
1645491600000,0.134,21
1645578000000,0.116,12
1645664400000,0.121,18
1645750800000,0.126,22
1645837200000,0.128,35
1645923600000,0.121,22
1646010000000,0.118,15
1646096400000,0.119,19
1646182800000,0.118,27
1646269200000,0.117,18
1646355600000,0.116,47
1646442000000,0.105,27
1646528400000,0.277,32
1646614800000,0.133,27
1646701200000,0.128,13
1646787600000,0.137,21
1646874000000,0.117,27
1646960400000,0.128,19
1647046800000,0.124,24
1647133200000,0.124,38
1647219600000,0.127,14
1647306000000,0.137,44
1647392400000,0.172,17
1647478800000,0.15,13
1647565200000,0.151,6
1647651600000,0.159,21
1647738000000,0.157,15
1647824400000,0.147,8
1647910800000,0.151,13
1647997200000,0.152,13
1648083600000,0.135,28
1648170000000,0.133,27
1648256400000,0.141,18
1648342800000,0.125,13
1648429200000,0.131,37
1648515600000,0.121,17
1648602000000,0.16,8
1648688400000,0.151,12
1648774800000,0.139,17
1648861200000,0.129,27
1648947600000,0.137,15
1649034000000,0.111,11
1649120400000,0.131,27
1649206800000,0.142,16
1649293200000,0.12,17
1649379600000,0.131,17
1649466000000,0.128,15
1649552400000,0.122,31
1649638800000,0.129,18
1649725200000,0.124,16
1649811600000,0.111,15
1649898000000,0.127,20
1649984400000,0.135,11
1650070800000,0.133,32
1650157200000,0.135,45
1650243600000,0.116,16
1650330000000,0.129,20
1650416400000,0.14,8
1650502800000,0.12,6
1650589200000,0.111,12
1650675600000,0.129,33
1650762000000,0.127,16
1650848400000,0.115,6
1650934800000,0.137,9
1651021200000,0.143,17
1651107600000,0.136,25
1651194000000,0.14,15
1651280400000,0.125,27
1651366800000,0.117,8
1651453200000,0.127,10
1651539600000,0.124,30
1651626000000,0.129,17
1651712400000,0.127,21
1651798800000,0.131,19
1651885200000,0.148,12
1651971600000,0.119,12
1652058000000,0.125,13
1652144400000,0.122,5
1652230800000,0.114,7
1652317200000,0.124,14
1652403600000,0.131,15
1652490000000,0.117,23
1652576400000,0.121,16
1652662800000,0.116,12
1652749200000,0.123,8
1652835600000,0.123,9
1652922000000,0.12,15
1653008400000,0.125,22
1653094800000,0.135,13
1653181200000,0.12,19
1653267600000,0.123,7
1653354000000,0.129,16
1653440400000,0.109,19
1653526800000,0.119,7
1653613200000,0.112,8
1653699600000,0.115,9
1653786000000,0.098,8
1653872400000,0.101,4
1653958800000,0.095,11
1654045200000,0.092,2
1654131600000,0.09,7
1654218000000,0.08,7
1654304400000,0.072,5
1654390800000,0.087,11
1654477200000,0.093,12
1654563600000,0.102,5
1654650000000,0.076,5
1654736400000,0.084,13
1654822800000,0.077,11
1654909200000,0.09,10
1654995600000,0.081,33
1655082000000,0.086,20
1655168400000,0.092,9
1655254800000,0.083,17
1655341200000,0.084,7
1655427600000,0.083,4
1655514000000,0.078,3
1655600400000,0.056,6
1655686800000,0.072,9
1655773200000,0.078,7
1655859600000,0.075,37
1655946000000,0.078,5
1656032400000,0.08,11
1656118800000,0.084,20
1656205200000,0.081,17
1656291600000,0.079,19
1656378000000,0.084,11
1656464400000,0.068,17
1656550800000,0.076,11
1656637200000,0.079,11
1656723600000,0.073,5
1656810000000,0.074,11
1656896400000,0.073,54
1656982800000,0.071,6
1657069200000,0.075,11
1657155600000,0.07,14
1657242000000,0.076,6
1657328400000,0.071,10
1657414800000,0.065,35
1657501200000,0.074,10
1657587600000,0.074,16
1657674000000,0.084,3
1657760400000,0.08,96
1657846800000,0.081,20
1657933200000,0.049,3
1658019600000,0.082,10
1658106000000,0.081,30
1658192400000,0.093,6
1658278800000,0.093,17
1658365200000,0.077,16
1658451600000,0.08,17
1658538000000,0.082,15
1658624400000,0.082,16
1658710800000,0.083,12
1658797200000,0.084,25
1658883600000,0.078,13
1658970000000,0.083,4
1659056400000,0.089,31
1659142800000,0.158,13
1659229200000,0.083,10
1659315600000,0.092,5
1659402000000,0.098,11
1659488400000,0.095,7
1659574800000,0.078,7
1659661200000,0.097,7
1659747600000,0.085,23
1659834000000,0.088,8
1659920400000,0.092,11
1660006800000,0.087,7
1660093200000,0.089,37
1660179600000,0.088,8
1660266000000,0.094,10
1660352400000,0.091,14
1660438800000,0.089,8
1660525200000,0.083,12
1660611600000,0.09,28
1660698000000,0.081,29
1660784400000,0.084,20
1660870800000,0.101,19
1660957200000,0.083,8
1661043600000,0.094,19
1661130000000,0.098,34
1661216400000,0.083,14
1661302800000,0.087,17
1661389200000,0.087,8
1661475600000,0.094,7
1661562000000,0.105,25
1661648400000,0.087,28
1661734800000,0.101,18
1661821200000,0.096,5
1661907600000,0.083,7
1661994000000,0.087,9
1662080400000,0.097,5
1662166800000,0.108,11
1662253200000,0.087,17
1662339600000,0.089,10
1662426000000,6.36,24
1662512400000,0.109,20
1662598800000,0.106,6
1662685200000,0.095,11
1662771600000,0.103,11
1662858000000,0.104,15
1662944400000,0.104,8
1663030800000,0.1,3
1663117200000,0.103,9
1663203600000,0.104,3
1663290000000,0.103,9
1663376400000,0.112,17
1663462800000,0.097,19
1663549200000,0.1,2
1663635600000,0.103,8
1663722000000,0.095,18
1663808400000,0.077,3
1663894800000,0.097,4
1663981200000,0.098,18
1664067600000,0.086,6
1664154000000,2.79,12
1664240400000,0.096,15
1664326800000,0.087,12
1664413200000,0.079,7
1664499600000,0.078,4
1664586000000,0.097,4
1664672400000,0.079,39
1664758800000,0.077,7
1664845200000,0.093,31
1664931600000,0.085,10
1665018000000,0.095,17
1665104400000,0.093,18
1665190800000,0.083,8
1665277200000,0.087,21
1665363600000,0.094,7
1665450000000,0.092,13
1665536400000,0.105,19
1665622800000,0.09,28
1665709200000,0.088,8
1665795600000,0.085,14
1665882000000,0.089,16
1665968400000,0.091,8
1666054800000,0.11,31
1666141200000,0.101,5
1666227600000,0.101,20
1666314000000,0.096,9
1666400400000,0.105,26
1666486800000,0.091,21
1666573200000,0.11,17
1666659600000,0.106,24
1666746000000,0.101,18
1666832400000,0.087,6
1666918800000,0.099,27
1667005200000,0.087,18
1667091600000,1.661,18
1667178000000,0.097,9
1667264400000,0.101,11
1667350800000,0.09,5
1667437200000,0.102,17
1667523600000,0.098,13
1667610000000,0.083,10
1667696400000,0.099,11
1667782800000,0.097,14
1667869200000,0.085,6
1667955600000,0.09,11
1668042000000,0.098,17
1668128400000,0.085,11
1668214800000,0.09,23
1668301200000,0.101,7
1668387600000,0.105,17
1668474000000,0.1,5
1668560400000,0.104,7
1668646800000,0.111,17
1668733200000,0.094,13
1668819600000,0.081,12
1668906000000,0.101,8
1668992400000,0.093,16
1669078800000,13.635,8
1669165200000,0.089,15
1669251600000,0.088,10
1669338000000,0.09,15
1669424400000,0.096,15
1669510800000,0.102,14
1669597200000,0.076,6
1669683600000,0.091,7
1669770000000,0.081,9
1669856400000,0.082,7
1669942800000,0.085,11
1670029200000,0.098,3
1670115600000,0.102,14
1670202000000,0.094,3
1670288400000,0.084,14
1670374800000,0.086,11
1670461200000,0.098,10
1670547600000,0.095,7
1670634000000,0.094,11
1670720400000,0.1,5
1670806800000,0.08,16
1670893200000,0.111,12
1670979600000,0.086,24
1671066000000,0.077,7
1671152400000,0.099,15
1671238800000,0.089,6
1671325200000,0.083,4
1671411600000,0.1,6
1671498000000,0.089,10
1671584400000,0.074,13
1671670800000,0.082,24
1671757200000,0.087,9
1671843600000,0.077,9
1671930000000,0.079,11
1672016400000,0.083,32
1672102800000,0.071,12
1672189200000,0.408,17
1672275600000,0.08,25
1672362000000,0.078,33
1672448400000,0.102,9
1672534800000,0.083,7
1672621200000,0.09,27
1672707600000,0.148,18
1672794000000,0.081,15
1672880400000,0.091,24
1672966800000,0.093,8
1673053200000,0.076,9
1673139600000,0.099,13
1673226000000,0.644,19
1673312400000,0.097,15
1673398800000,0.099,128
1673485200000,0.102,8
1673571600000,1.314,12
1673658000000,0.099,14
1673744400000,0.093,12
1673830800000,0.091,16
1673917200000,0.088,16
1674003600000,0.085,14
1674090000000,0.141,7
1674176400000,0.092,4
1674262800000,5.495,14
1674349200000,0.128,9
1674435600000,0.106,9
1674522000000,0.101,7
1674608400000,0.106,9
1674694800000,0.081,6
1674781200000,0.084,20
1674867600000,0.088,22
1674954000000,0.096,18
1675040400000,0.116,16
1675126800000,0.109,10
1675213200000,0.089,9
1675299600000,0.129,26
1675386000000,0.102,23
1675472400000,0.099,40
1675558800000,0.118,16
1675645200000,0.166,10
1675731600000,0.112,10
1675818000000,0.106,14
1675904400000,0.118,7
1675990800000,0.098,13
1676077200000,0.095,18
1676163600000,0.106,30
1676250000000,0.102,8
1676336400000,0.094,18
1676422800000,0.108,10
1676509200000,0.105,26
1676595600000,0.094,12
1676682000000,0.11,37
1676768400000,0.103,13
1676854800000,0.103,22
1676941200000,0.108,34
1677027600000,0.115,15
1677114000000,0.139,12
1677200400000,0.132,24
1677286800000,0.117,15
1677373200000,0.127,14
1677459600000,0.122,13
1677546000000,0.11,15
1677632400000,0.107,16
1677718800000,0.106,31
1677805200000,0.115,11
1677891600000,0.126,75
1677978000000,0.154,27
1678064400000,0.153,24
1678150800000,0.128,17
1678237200000,0.117,18
1678323600000,0.107,24
1678410000000,0.108,28
1678496400000,0.111,29
1678582800000,0.101,39
1678669200000,0.109,11
1678755600000,0.103,20
1678842000000,0.106,25
1678928400000,0.098,22
1679014800000,0.1,18
1679101200000,0.095,28
1679187600000,0.094,39
1679274000000,0.087,15
1679360400000,0.098,26
1679446800000,0.098,28
1679533200000,0.092,34
1679619600000,0.095,27
1679706000000,0.105,51
1679792400000,0.103,21
1679878800000,0.101,24
1679965200000,0.108,30
1680051600000,0.1,127
1680138000000,0.125,23
1680224400000,0.132,15
1680310800000,0.129,33
1680397200000,0.13,25
1680483600000,0.106,33
1680570000000,0.122,66
1680656400000,0.106,17
1680742800000,0.131,36
1680829200000,0.131,30
1680915600000,0.124,28
1681002000000,0.115,45
1681088400000,0.125,41
1681174800000,0.14,36
1681261200000,0.119,14
1681347600000,0.145,34
1681434000000,0.142,29
1681520400000,0.14,20
1681606800000,0.13,18
1681693200000,0.147,37
1681779600000,0.151,32
1681866000000,0.148,41
1681952400000,0.153,53
1682038800000,0.139,31
1682125200000,0.153,36
1682179200000,0.125,1
1682182800000,0.165,3
1682186400000,0.114,1
1682190000000,0.176,4
1682193600000,0.149,3
1682197200000,0.145,1
1682200800000,0.126,1
1682218800000,0.114,1
1682222400000,0.115,1
1682229600000,0.13,1
1682233200000,0.126,1
1682236800000,0.14,3
1682240400000,0.162,2
1682244000000,0.154,1
1682247600000,0.14,1
1682251200000,0.139,3
1682254800000,0.161,1
1682258400000,0.146,2
1682262000000,0.132,3
1682265600000,0.152,1
1682269200000,0.139,2
1682272800000,0.145,1
1682283600000,0.136,1
1682290800000,0.126,1
1682298000000,0.145,1
1682305200000,0.16,3
1682323200000,0.15,1
1682326800000,0.15,1
1682330400000,0.132,1
1682334000000,0.133,2
1682337600000,0.145,5
1682341200000,0.137,1
1682344800000,0.155,4
1682348400000,0.172,3
1682352000000,0.155,1
1682355600000,0.137,1
1682359200000,0.136,2
1682362800000,0.15,1
1682388000000,0.132,5
1682391600000,0.179,2
1682395200000,0.092,1
1682398800000,0.135,4
1682402400000,0.131,1
1682406000000,0.14,2
1682413200000,0.131,2
1682420400000,0.151,5
1682424000000,0.166,2
1682427600000,0.161,1
1682431200000,0.169,10
1682438400000,0.145,2
1682442000000,0.134,2
1682445600000,0.176,1
1682452800000,0.125,2
1682456400000,0.16,2
1682474400000,0.15,2
1682488800000,0.161,1
1682496000000,0.133,2
1682506800000,0.125,2
1682510400000,0.164,1
1682528400000,0.11,3
1682532000000,0.066,1
1682539200000,0.096,1
1682542800000,0.121,2
1682546400000,0.127,3
1682550000000,0.133,2
1682560800000,0.138,1
1682568000000,0.108,2
1682575200000,0.105,1
1682586000000,0.116,2
1682600400000,0.122,2
1682604000000,0.102,1
1682607600000,0.145,5
1682611200000,0.102,3
1682614800000,0.141,2
1682618400000,0.122,2
1682622000000,0.139,2
1682625600000,0.138,2
1682636400000,0.127,3
1682647200000,0.112,1
1682650800000,0.088,1
1682658000000,0.102,2
1682661600000,0.084,1
1682668800000,0.121,3
1682676000000,0.116,2
1682683200000,0.126,2
1682686800000,0.131,4
1682690400000,0.123,1
1682694000000,0.127,1
1682697600000,0.141,1
1682701200000,0.154,1
1682704800000,0.143,2
1682708400000,0.122,1
1682712000000,0.111,1
1682722800000,0.104,1
1682726400000,0.101,1
1682730000000,0.137,3
1682733600000,0.138,3
1682748000000,0.069,1
1682755200000,0.126,4
1682758800000,0.148,1
1682773200000,0.116,1
1682776800000,0.139,1
1682780400000,0.143,9
1682784000000,0.143,1
1682787600000,0.115,3
1682798400000,0.126,3
1682802000000,0.146,1
1682805600000,0.103,2
1682809200000,0.13,1
1682816400000,0.088,1
1682823600000,0.126,3
1682848800000,0.114,1
1682859600000,0.138,1
1682863200000,0.122,1
1682870400000,0.138,3
1682874000000,0.13,2
1682877600000,0.135,2
1682881200000,0.143,2
1682884800000,0.127,1
1682888400000,0.128,3
1682892000000,0.12,3
1682895600000,0.122,3
1682899200000,0.15,1
1682902800000,0.103,3
1682906400000,0.112,1
1682913600000,0.124,1
1682917200000,0.138,1
1682924400000,0.139,8
1682928000000,0.139,2
1682931600000,0.139,1
1682935200000,0.142,6
1682938800000,0.143,6
1682942400000,0.147,2
1682946000000,0.143,1
1682960400000,0.121,4
1682964000000,0.146,30
1682967600000,0.126,3
1682971200000,0.114,3
1682978400000,0.133,2
1682982000000,0.13,1
1682989200000,0.14,1
1682992800000,0.117,2
1682996400000,0.1,1
1683007200000,0.135,2
1683014400000,0.139,1
1683018000000,0.114,1
1683043200000,0.13,3
1683050400000,0.13,1
1683061200000,0.114,2
1683064800000,0.113,1
1683079200000,0.13,2
1683082800000,20.456,1
1683104400000,0.127,1
1683111600000,0.095,2
1683115200000,0.127,4
1683122400000,0.11,1
1683126000000,0.108,2
1683129600000,0.115,2
1683136800000,0.115,1
1683140400000,0.15,29
1683151200000,0.14,2
1683169200000,0.115,1
1683172800000,0.115,1
1683176400000,0.106,2
1683180000000,0.139,1
1683183600000,0.14,1
1683187200000,0.114,2
1683190800000,0.121,2
1683198000000,0.143,1
1683205200000,0.147,10
1683208800000,0.116,1
1683216000000,0.129,2
1683226800000,0.134,1
1683244800000,0.101,1
1683248400000,0.123,2
1683259200000,25.013,2
1683262800000,0.108,2
1683273600000,0.146,4
1683277200000,0.12,1
1683284400000,0.076,1
1683288000000,0.102,1
1683291600000,0.123,1
1683302400000,0.121,1
1683306000000,0.114,1
1683313200000,0.127,1
1683316800000,0.13,5
1683327600000,0.092,1
1683331200000,0.103,1
1683360000000,0.111,1
1683363600000,0.131,1
1683370800000,0.131,1
1683374400000,0.154,12
1683378000000,0.128,2
1683392400000,0.119,2
1683399600000,0.115,3
1683403200000,0.146,11
1683410400000,0.107,2
1683421200000,0.115,1
1683424800000,0.13,3
1683432000000,0.111,1
1683442800000,0.108,1
1683450000000,0.121,1
1683457200000,0.133,2
1683460800000,0.108,3
1683464400000,0.146,1
1683468000000,0.114,3
1683475200000,0.119,1
1683478800000,0.072,2
1683482400000,0.128,4
1683493200000,0.117,2
1683500400000,0.13,1
1683504000000,0.113,1
1683529200000,0.083,1
1683532800000,0.092,1
1683536400000,0.114,1
1683540000000,0.139,1
1683543600000,0.121,1
1683558000000,0.143,1
1683561600000,0.146,21
1683565200000,0.112,2
1683568800000,0.173,2
1683572400000,0.174,1
1683579600000,0.177,1
1683597600000,0.115,1
1683601200000,0.117,1
1683604800000,0.115,1
1683619200000,0.135,1
1683622800000,0.157,1
1683630000000,0.117,2
1683633600000,0.089,1
1683637200000,0.146,2
1683644400000,0.162,1
1683648000000,0.129,2
1683658800000,0.138,2
1683662400000,0.082,2
1683666000000,0.151,1
1683694800000,0.145,2
1683702000000,0.103,1
1683705600000,0.149,1
1683709200000,0.149,1
1683712800000,0.161,3
1683716400000,0.129,1
1683720000000,0.161,3
1683738000000,0.147,2
1683741600000,0.132,1
1683748800000,0.135,2
1683756000000,0.144,3
1683759600000,0.163,2
1683763200000,0.164,1
1683766800000,0.164,1
1683770400000,0.164,1
1683788400000,0.126,1
1683792000000,0.092,1
1683799200000,0.125,1
1683802800000,0.142,2
1683820800000,0.165,1
1683824400000,0.134,1
1683828000000,0.129,3
1683831600000,0.081,1
1683835200000,0.138,2
1683838800000,0.14,1
1683842400000,0.161,1
1683846000000,0.161,5
1683853200000,0.162,2
1683856800000,0.15,1
1683860400000,0.163,1
1683871200000,0.113,1
1683878400000,0.1,1
1683889200000,0.158,2
1683892800000,0.154,3
1683896400000,0.154,1
1683900000000,0.134,2
1683903600000,0.101,1
1683907200000,0.137,1
1683910800000,0.136,1
1683914400000,0.132,1
1683918000000,0.149,1
1683925200000,0.144,2
1683939600000,0.096,2
1683943200000,0.146,1
1683946800000,0.121,1
1683961200000,0.115,1
1683964800000,0.114,1
1683979200000,0.134,2
1683990000000,0.148,1
1683993600000,0.149,1
1683997200000,0.098,2
1684000800000,0.128,1
1684008000000,0.15,1
1684015200000,0.124,1
1684022400000,0.114,2
1684026000000,0.098,2
1684040400000,0.127,1
1684051200000,0.128,1
1684054800000,0.128,1
1684058400000,0.126,1
1684065600000,0.138,1
1684069200000,0.137,1
1684072800000,0.146,4
1684076400000,0.147,1
1684080000000,0.152,1
1684083600000,0.125,1
1684087200000,0.15,4
1684090800000,0.147,1
1684094400000,0.127,2
1684101600000,0.149,2
1684105200000,0.149,1
1684108800000,0.149,1
1684112400000,0.149,1
1684116000000,0.149,1
1684119600000,0.101,1
1684126800000,0.127,1
1684134000000,0.149,9
1684144800000,0.121,1
1684155600000,0.118,1
1684162800000,0.133,2
1684166400000,0.141,1
1684170000000,0.129,2
1684173600000,0.098,1
1684180800000,0.141,3
1684191600000,0.125,1
1684206000000,0.103,1
1684213200000,0.08,1
1684216800000,0.13,1
1684231200000,0.138,1
1684234800000,0.119,1
1684242000000,0.143,10
1684245600000,0.092,1
1684249200000,0.146,1
1684252800000,0.121,1
1684256400000,0.101,1
1684267200000,0.14,1
1684281600000,0.113,1
1684292400000,0.139,1
1684296000000,0.1,2
1684303200000,0.134,2
1684306800000,0.14,1
1684310400000,0.145,1
1684314000000,0.145,5
1684317600000,0.122,1
1684324800000,0.102,3
1684332000000,0.152,1
1684335600000,0.146,4
1684339200000,0.12,2
1684350000000,0.075,1
1684353600000,0.128,2
1684357200000,0.104,1
1684360800000,0.1,1
1684364400000,0.124,3
1684368000000,0.124,1
1684393200000,0.141,5
1684400400000,0.03,1
1684418400000,0.136,1
1684422000000,0.126,1
1684425600000,0.151,1
1684429200000,0.151,2
1684432800000,0.151,1
1684436400000,0.137,1
1684440000000,0.107,1
1684443600000,0.14,3
1684447200000,0.108,2
1684450800000,0.141,1
1684472400000,0.125,1
1684476000000,0.143,28
1684483200000,0.137,2
1684490400000,0.168,2
1684494000000,0.172,1
1684504800000,0.099,3
1684508400000,0.174,1
1684512000000,0.125,1
1684515600000,0.126,1
1684526400000,0.128,1
1684530000000,0.134,4
1684533600000,0.127,1
1684540800000,0.121,1
1684544400000,0.107,2
1684551600000,0.117,1
1684558800000,0.138,5
1684569600000,0.133,1
1684576800000,0.132,1
1684580400000,0.146,10
1684584000000,0.143,1
1684587600000,0.112,1
1684602000000,0.161,1
1684612800000,0.064,1
1684623600000,0.147,1
1684627200000,0.092,2
1684638000000,0.092,1
1684652400000,0.144,1
1684656000000,0.16,5
1684659600000,0.171,3
1684663200000,0.117,2
1684666800000,0.142,3
1684670400000,0.092,1
1684674000000,0.151,1
1684677600000,0.137,1
1684684800000,0.115,1
1684688400000,0.136,5
1684692000000,0.136,1
1684695600000,0.136,3
1684706400000,0.115,1
1684713600000,0.11,2
1684720800000,0.127,1
1684731600000,0.139,4
1684749600000,0.149,3
