timestamp,price_dollar,sells
1475802000000,0.515,26
1475888400000,0.27,32
1475974800000,0.293,32
1476061200000,0.292,11
1476147600000,0.302,15
1476234000000,0.16,49
1476320400000,0.099,31
1476406800000,0.103,31
1476493200000,0.106,27
1476579600000,0.109,24
1476666000000,0.117,17
1476752400000,0.101,12
1476838800000,0.082,27
1476925200000,0.068,23
1477011600000,0.071,20
1477098000000,0.071,33
1477184400000,0.069,25
1477270800000,0.075,14
1477357200000,0.063,12
1477443600000,0.063,19
1477530000000,0.051,19
1477616400000,0.052,29
1477702800000,0.046,33
1477789200000,0.047,30
1477875600000,0.049,24
1477962000000,0.048,23
1478048400000,0.049,21
1478134800000,0.042,19
1478221200000,0.038,27
1478307600000,0.047,22
1478394000000,0.052,19
1478480400000,0.047,17
1478566800000,0.042,17
1478653200000,0.037,13
1478739600000,0.038,21
1478826000000,0.04,27
1478912400000,0.039,30
1478998800000,0.039,43
1479085200000,0.038,11
1479171600000,0.033,11
1479258000000,0.031,22
1479344400000,0.03,14
1479430800000,0.03,21
1479517200000,0.03,21
1479603600000,0.03,21
1479690000000,0.03,25
1479776400000,0.034,19
1479862800000,0.03,18
1479949200000,0.03,27
1480035600000,0.03,26
1480122000000,0.03,33
1480208400000,0.03,20
1480294800000,0.03,22
1480381200000,0.03,19
1480467600000,0.03,34
1480554000000,0.03,25
1480640400000,0.03,26
1480726800000,0.03,29
1480813200000,0.03,34
1480899600000,0.03,18
1480986000000,0.03,31
1481072400000,0.03,24
1481158800000,0.03,35
1481245200000,0.03,18
1481331600000,0.03,28
1481418000000,0.03,27
1481504400000,0.03,23
1481590800000,0.03,22
1481677200000,0.03,25
1481763600000,0.03,25
1481850000000,0.03,27
1481936400000,0.03,26
1482022800000,0.03,25
1482109200000,0.03,19
1482195600000,0.03,29
1482282000000,0.03,18
1482368400000,0.03,54
1482454800000,0.03,20
1482541200000,0.03,17
1482627600000,0.03,19
1482714000000,0.03,18
1482800400000,0.03,32
1482886800000,0.03,32
1482973200000,0.03,35
1483059600000,0.03,26
1483146000000,0.03,29
1483232400000,0.03,9
1483318800000,0.03,27
1483405200000,0.03,14
1483491600000,0.03,23
1483578000000,0.03,24
1483664400000,0.03,21
1483750800000,0.03,31
1483837200000,0.03,13
1483923600000,0.03,18
1484010000000,0.03,18
1484096400000,0.03,18
1484182800000,0.03,17
1484269200000,0.03,29
1484355600000,0.03,19
1484442000000,0.03,31
1484528400000,0.03,17
1484614800000,0.03,23
1484701200000,0.03,31
1484787600000,0.03,24
1484874000000,0.03,26
1484960400000,0.03,21
1485046800000,0.03,22
1485133200000,0.03,10
1485219600000,0.03,14
1485306000000,0.03,17
1485392400000,0.03,26
1485478800000,0.03,11
1485565200000,0.03,26
1485651600000,0.03,26
1485738000000,0.03,30
1485824400000,0.03,36
1485910800000,0.03,25
1485997200000,0.03,21
1486083600000,0.03,33
1486170000000,0.03,19
1486256400000,0.03,32
1486342800000,0.03,26
1486429200000,0.03,20
1486515600000,0.03,28
1486602000000,0.03,12
1486688400000,0.03,16
1486774800000,0.03,27
1486861200000,0.03,25
1486947600000,0.03,33
1487034000000,0.03,20
1487120400000,0.03,17
1487206800000,0.03,20
1487293200000,0.03,31
1487379600000,0.03,23
1487466000000,0.03,35
1487552400000,0.03,21
1487638800000,0.03,14
1487725200000,0.03,18
1487811600000,0.03,30
1487898000000,0.03,9
1487984400000,0.03,28
1488070800000,0.03,36
1488157200000,0.03,17
1488243600000,0.03,29
1488330000000,0.03,12
1488416400000,0.03,22
1488502800000,0.03,16
1488589200000,0.03,24
1488675600000,0.03,11
1488762000000,0.03,18
1488848400000,0.03,23
1488934800000,0.03,19
1489021200000,0.03,49
1489107600000,0.03,13
1489194000000,0.03,21
1489280400000,0.03,20
1489366800000,0.03,30
1489453200000,0.03,11
1489539600000,0.03,18
1489626000000,0.03,10
1489712400000,0.03,31
1489798800000,0.03,45
1489885200000,0.03,36
1489971600000,0.03,22
1490058000000,0.03,14
1490144400000,0.03,32
1490230800000,0.03,26
1490317200000,0.03,24
1490403600000,0.03,33
1490490000000,0.03,19
1490576400000,0.03,23
1490662800000,0.03,22
1490749200000,0.03,42
1490835600000,0.03,26
1490922000000,0.03,22
1491008400000,0.03,37
1491094800000,0.03,39
1491181200000,0.03,14
1491267600000,0.03,39
1491354000000,0.03,21
1491440400000,0.03,21
1491526800000,0.03,31
1491613200000,0.03,15
1491699600000,0.03,48
1491786000000,0.03,14
1491872400000,0.03,25
1491958800000,0.03,17
1492045200000,0.03,13
1492131600000,0.03,38
1492218000000,0.03,139
1492304400000,0.03,19
1492390800000,0.03,33
1492477200000,0.03,26
1492563600000,0.03,33
1492650000000,0.03,19
1492736400000,0.03,42
1492822800000,0.03,48
1492909200000,0.03,20
1492995600000,0.03,32
1493082000000,0.03,16
1493168400000,0.03,22
1493254800000,0.03,45
1493341200000,0.03,32
1493427600000,0.03,22
1493514000000,0.03,22
1493600400000,0.03,22
1493686800000,0.03,24
1493773200000,0.03,35
1493859600000,0.03,33
1493946000000,0.03,37
1494032400000,0.03,31
1494118800000,0.03,27
1494205200000,0.03,17
1494291600000,0.03,44
1494378000000,0.03,16
1494464400000,0.03,17
1494550800000,0.03,26
1494637200000,0.03,24
1494723600000,0.03,24
1494810000000,0.03,24
1494896400000,0.03,20
1494982800000,0.03,19
1495069200000,0.03,24
1495155600000,0.03,24
1495242000000,0.03,20
1495328400000,0.03,27
1495414800000,0.03,15
1495501200000,0.03,37
1495587600000,0.03,47
1495674000000,0.03,22
1495760400000,0.03,12
1495846800000,0.03,29
1495933200000,0.03,26
1496019600000,0.03,48
1496106000000,0.03,24
1496192400000,0.03,23
1496278800000,0.03,24
1496365200000,0.03,28
1496451600000,0.03,35
1496538000000,0.03,58
1496624400000,0.03,15
1496710800000,0.03,15
1496797200000,0.03,26
1496883600000,0.03,34
1496970000000,0.03,34
1497056400000,0.03,51
1497142800000,0.03,22
1497229200000,0.03,17
1497315600000,0.03,31
1497402000000,0.03,38
1497488400000,0.03,23
1497574800000,0.03,40
1497661200000,0.03,35
1497747600000,0.03,54
1497834000000,0.03,19
1497920400000,0.03,12
1498006800000,0.03,18
1498093200000,0.03,21
1498179600000,0.03,33
1498266000000,0.03,30
1498352400000,0.03,32
1498438800000,0.03,15
1498525200000,0.03,15
1498611600000,0.03,26
1498698000000,0.03,17
1498784400000,0.03,30
1498870800000,0.03,54
1498957200000,0.03,30
1499043600000,0.03,35
1499130000000,0.03,29
1499216400000,0.03,29
1499302800000,0.03,17
1499389200000,0.03,6
1499475600000,0.03,44
1499562000000,0.03,21
1499648400000,0.03,27
1499734800000,0.03,24
1499821200000,0.03,52
1499907600000,0.03,66
1499994000000,0.03,37
1500080400000,0.03,21
1500166800000,0.03,24
1500253200000,0.03,23
1500339600000,0.03,24
1500426000000,0.03,52
1500512400000,0.03,25
1500598800000,0.03,170
1500685200000,0.03,34
1500771600000,0.03,33
1500858000000,0.03,33
1500944400000,0.03,37
1501030800000,0.03,26
1501117200000,0.03,45
1501203600000,0.03,25
1501290000000,0.03,17
1501376400000,0.03,25
1501462800000,0.03,28
1501549200000,0.03,26
1501635600000,0.03,46
1501722000000,0.03,33
1501808400000,0.03,49
1501894800000,0.03,33
1501981200000,0.03,38
1502067600000,0.03,41
1502154000000,0.03,27
1502240400000,0.03,34
1502326800000,0.03,25
1502413200000,0.03,37
1502499600000,0.03,33
1502586000000,0.03,24
1502672400000,0.03,29
1502758800000,0.03,20
1502845200000,0.03,25
1502931600000,0.03,43
1503018000000,0.03,40
1503104400000,0.03,19
1503190800000,0.03,28
1503277200000,0.03,34
1503363600000,0.03,21
1503450000000,0.03,57
1503536400000,0.03,20
1503622800000,0.03,18
1503709200000,0.03,21
1503795600000,0.03,23
1503882000000,0.03,22
1503968400000,0.03,65
1504054800000,0.03,35
1504141200000,0.03,17
1504227600000,0.03,33
1504314000000,0.03,19
1504400400000,0.03,38
1504486800000,0.03,42
1504573200000,0.03,39
1504659600000,0.03,51
1504746000000,0.03,25
1504832400000,0.03,39
1504918800000,0.03,27
1505005200000,0.03,32
1505091600000,0.03,32
1505178000000,0.03,14
1505264400000,0.03,23
1505350800000,0.03,18
1505437200000,0.03,17
1505523600000,0.03,37
1505610000000,0.03,40
1505696400000,0.03,17
1505782800000,0.03,38
1505869200000,0.03,59
1505955600000,0.03,15
1506042000000,0.03,49
1506128400000,0.03,25
1506214800000,0.03,27
1506301200000,0.03,30
1506387600000,0.03,22
1506474000000,0.03,30
1506560400000,0.03,30
1506646800000,0.03,15
1506733200000,0.03,47
1506819600000,0.03,44
1506906000000,0.03,61
1506992400000,0.03,22
1507078800000,0.03,25
1507165200000,0.03,24
1507251600000,0.03,17
1507338000000,0.03,18
1507424400000,0.03,27
1507510800000,0.03,23
1507597200000,0.03,25
1507683600000,0.03,23
1507770000000,0.03,12
1507856400000,0.03,19
1507942800000,0.03,21
1508029200000,0.03,204
1508115600000,0.03,64
1508202000000,0.03,47
1508288400000,0.03,19
1508374800000,0.03,33
1508461200000,0.03,19
1508547600000,0.03,22
1508634000000,0.03,41
1508720400000,0.03,25
1508806800000,0.03,48
1508893200000,0.03,41
1508979600000,0.03,19
1509066000000,0.03,15
1509152400000,0.03,16
1509238800000,0.03,26
1509325200000,0.03,62
1509411600000,0.03,29
1509498000000,0.03,32
1509584400000,0.03,18
1509670800000,0.03,20
1509757200000,0.03,28
1509843600000,0.03,15
1509930000000,0.03,16
1510016400000,0.03,24
1510102800000,0.03,29
1510189200000,0.03,15
1510275600000,0.03,13
1510362000000,0.03,25
1510448400000,0.03,18
1510534800000,0.03,31
1510621200000,0.03,25
1510707600000,0.03,26
1510794000000,0.03,13
1510880400000,0.03,18
1510966800000,0.03,52
1511053200000,0.03,44
1511139600000,0.03,16
1511226000000,0.03,41
1511312400000,0.03,19
1511398800000,0.03,65
1511485200000,0.03,26
1511571600000,0.03,43
1511658000000,0.03,31
1511744400000,0.03,14
1511830800000,0.03,21
1511917200000,0.03,38
1512003600000,0.03,19
1512090000000,0.03,26
1512176400000,0.03,36
1512262800000,0.03,23
1512349200000,0.03,31
1512435600000,0.03,17
1512522000000,0.03,22
1512608400000,0.03,29
1512694800000,0.03,26
1512781200000,0.03,40
1512867600000,0.03,29
1512954000000,0.03,26
1513040400000,0.03,11
1513126800000,0.03,12
1513213200000,0.03,22
1513299600000,0.03,36
1513386000000,0.03,25
1513472400000,0.03,22
1513558800000,0.03,14
1513645200000,0.03,19
1513731600000,0.03,21
1513818000000,0.03,21
1513904400000,0.03,29
1513990800000,0.03,36
1514077200000,0.03,23
1514163600000,0.03,17
1514250000000,0.03,47
1514336400000,0.03,43
1514422800000,0.03,42
1514509200000,0.03,36
1514595600000,0.03,20
1514682000000,0.03,44
1514768400000,0.03,51
1514854800000,0.03,68
1514941200000,0.03,43
1515027600000,0.03,29
1515114000000,0.03,34
1515200400000,0.03,91
1515286800000,0.03,23
1515373200000,0.03,25
1515459600000,0.03,29
1515546000000,0.03,31
1515632400000,0.03,27
1515718800000,0.03,28
1515805200000,0.03,38
1515891600000,0.03,27
1515978000000,0.03,22
1516064400000,0.03,27
1516150800000,0.03,24
1516237200000,0.03,25
1516323600000,0.03,14
1516410000000,0.03,33
1516496400000,0.03,24
1516582800000,0.03,34
1516669200000,0.03,23
1516755600000,0.03,23
1516842000000,0.03,94
1516928400000,0.03,11
1517014800000,0.03,32
1517101200000,0.03,32
1517187600000,0.03,29
1517274000000,0.03,13
1517360400000,0.03,24
1517446800000,0.03,16
1517533200000,0.03,24
1517619600000,0.03,44
1517706000000,0.03,32
1517792400000,0.03,27
1517878800000,0.03,11
1517965200000,0.03,31
1518051600000,0.03,23
1518138000000,0.03,36
1518224400000,0.03,21
1518310800000,0.03,20
1518397200000,0.03,20
1518483600000,0.03,15
1518570000000,0.03,37
1518656400000,0.03,32
1518742800000,0.03,33
1518829200000,0.03,38
1518915600000,0.03,77
1519002000000,0.03,41
1519088400000,0.03,28
1519174800000,0.03,28
1519261200000,0.03,32
1519347600000,0.03,37
1519434000000,0.03,58
1519520400000,0.03,35
1519606800000,0.03,15
1519693200000,0.03,34
1519779600000,0.03,55
1519866000000,0.03,28
1519952400000,0.03,42
1520038800000,0.03,35
1520125200000,0.03,62
1520211600000,0.03,48
1520298000000,0.03,29
1520384400000,0.03,38
1520470800000,0.03,29
1520557200000,0.03,38
1520643600000,0.03,24
1520730000000,0.03,20
1520816400000,0.03,26
1520902800000,0.03,14
1520989200000,0.03,36
1521075600000,0.03,23
1521162000000,0.03,35
1521248400000,0.03,39
1521334800000,0.03,42
1521421200000,0.03,31
1521507600000,0.03,25
1521594000000,0.03,34
1521680400000,0.03,22
1521766800000,0.03,29
1521853200000,0.03,77
1521939600000,0.03,65
1522026000000,0.03,13
1522112400000,0.03,52
1522198800000,0.03,22
1522285200000,0.03,23
1522371600000,0.03,22
1522458000000,0.03,23
1522544400000,0.03,51
1522630800000,0.03,18
1522717200000,0.03,11
1522803600000,0.03,24
1522890000000,0.03,8
1522976400000,0.03,14
1523062800000,0.03,20
1523149200000,0.03,78
1523235600000,0.03,28
1523322000000,0.03,13
1523408400000,0.03,16
1523494800000,0.03,39
1523581200000,0.03,21
1523667600000,0.03,23
1523754000000,0.03,17
1523840400000,0.03,12
1523926800000,0.03,32
1524013200000,0.03,9
1524099600000,0.03,11
1524186000000,0.03,15
1524272400000,0.03,21
1524358800000,0.03,13
1524445200000,0.03,9
1524531600000,0.03,22
1524618000000,0.03,21
1524704400000,0.03,26
1524790800000,0.03,25
1524877200000,0.03,22
1524963600000,0.03,36
1525050000000,0.03,20
1525136400000,0.03,21
1525222800000,0.03,16
1525309200000,0.03,24
1525395600000,0.03,29
1525482000000,0.03,31
1525568400000,0.03,18
1525654800000,0.03,4
1525741200000,0.03,27
1525827600000,0.03,18
1525914000000,0.03,130
1526000400000,0.03,18
1526086800000,0.03,29
1526173200000,0.03,20
1526259600000,0.03,17
1526346000000,0.03,14
1526432400000,0.03,21
1526518800000,0.03,23
1526605200000,0.03,26
1526691600000,0.03,16
1526778000000,0.03,16
1526864400000,0.03,59
1526950800000,0.03,21
1527037200000,0.03,13
1527123600000,0.03,14
1527210000000,0.03,20
1527296400000,0.03,24
1527382800000,0.03,20
1527469200000,0.03,17
1527555600000,0.03,16
1527642000000,0.03,21
1527728400000,0.03,13
1527814800000,0.03,11
1527901200000,0.03,19
1527987600000,0.03,22
1528074000000,0.03,24
1528160400000,0.03,24
1528246800000,0.03,17
1528333200000,0.03,25
1528419600000,0.03,25
1528506000000,0.03,26
1528592400000,0.03,28
1528678800000,0.03,18
1528765200000,0.03,16
1528851600000,0.03,17
1528938000000,0.03,26
1529024400000,0.03,27
1529110800000,0.03,14
1529197200000,0.03,32
1529283600000,0.03,10
1529370000000,0.03,28
1529456400000,0.03,10
1529542800000,0.03,27
1529629200000,0.03,14
1529715600000,0.03,32
1529802000000,0.03,15
1529888400000,0.03,12
1529974800000,0.03,90
1530061200000,0.03,25
1530147600000,0.03,19
1530234000000,0.03,31
1530320400000,0.03,18
1530406800000,0.03,20
1530493200000,0.03,36
1530579600000,0.03,32
1530666000000,0.03,31
1530752400000,0.03,17
1530838800000,0.03,12
1530925200000,0.03,17
1531011600000,0.03,12
1531098000000,0.03,15
1531184400000,0.03,21
1531270800000,0.03,16
1531357200000,0.03,15
1531443600000,0.03,13
1531530000000,0.03,27
1531616400000,0.03,75
1531702800000,0.03,18
1531789200000,0.03,15
1531875600000,0.03,13
1531962000000,0.03,13
1532048400000,0.03,14
1532134800000,0.03,23
1532221200000,0.03,24
1532307600000,0.03,22
1532394000000,0.03,24
1532480400000,0.03,28
1532566800000,0.03,24
1532653200000,0.03,20
1532739600000,0.03,16
1532826000000,0.03,23
1532912400000,0.03,19
1532998800000,0.03,12
1533085200000,0.03,427
1533171600000,0.03,15
1533258000000,0.03,27
1533344400000,0.03,12
1533430800000,0.03,16
1533517200000,0.03,27
1533603600000,0.03,13
1533690000000,0.03,23
1533776400000,0.03,22
1533862800000,0.03,38
1533949200000,0.03,11
1534035600000,0.03,24
1534122000000,0.03,26
1534208400000,0.03,28
1534294800000,0.03,10
1534381200000,0.03,9
1534467600000,0.03,23
1534554000000,0.03,12
1534640400000,0.03,28
1534726800000,0.03,18
1534813200000,0.03,24
1534899600000,0.03,34
1534986000000,0.03,25
1535072400000,0.03,29
1535158800000,0.03,26
1535245200000,0.03,29
1535331600000,0.03,12
1535418000000,0.03,28
1535504400000,0.03,31
1535590800000,0.03,49
1535677200000,0.03,19
1535763600000,0.03,8
1535850000000,0.03,13
1535936400000,0.03,15
1536022800000,0.03,27
1536109200000,0.03,15
1536195600000,0.03,21
1536282000000,0.03,11
1536368400000,0.03,22
1536454800000,0.03,108
1536541200000,0.03,15
1536627600000,0.03,26
1536714000000,0.03,37
1536800400000,0.03,44
1536886800000,0.03,14
1536973200000,0.03,24
1537059600000,0.03,25
1537146000000,0.03,25
1537232400000,0.03,16
1537318800000,0.03,9
1537405200000,0.03,18
1537491600000,0.03,20
1537578000000,0.03,26
1537664400000,0.03,38
1537750800000,0.03,15
1537837200000,0.03,14
1537923600000,0.03,14
1538010000000,0.03,8
1538096400000,0.03,14
1538182800000,0.03,30
1538269200000,0.03,27
1538355600000,0.03,24
1538442000000,0.03,22
1538528400000,0.03,25
1538614800000,0.03,40
1538701200000,0.03,12
1538787600000,0.03,30
1538874000000,0.03,40
1538960400000,0.03,14
1539046800000,0.03,20
1539133200000,0.03,29
1539219600000,0.03,29
1539306000000,0.03,21
1539392400000,0.03,44
1539478800000,0.03,26
1539565200000,0.03,22
1539651600000,0.03,15
1539738000000,0.03,20
1539824400000,0.03,20
1539910800000,0.03,23
1539997200000,0.03,47
1540083600000,0.03,67
1540170000000,0.03,25
1540256400000,0.03,41
1540342800000,0.03,60
1540429200000,0.03,25
1540515600000,0.03,18
1540602000000,0.03,44
1540688400000,0.03,28
1540774800000,0.03,24
1540861200000,0.03,55
1540947600000,0.03,19
1541034000000,0.03,26
1541120400000,0.03,28
1541206800000,0.03,20
1541293200000,0.03,38
1541379600000,0.03,44
1541466000000,0.03,36
1541552400000,0.03,15
1541638800000,0.03,17
1541725200000,0.03,36
1541811600000,0.03,26
1541898000000,0.03,27
1541984400000,0.03,33
1542070800000,0.03,32
1542157200000,0.03,13
1542243600000,0.03,9
1542330000000,0.03,23
1542416400000,0.03,29
1542502800000,0.03,51
1542589200000,0.03,9
1542675600000,0.03,27
1542762000000,0.03,45
1542848400000,0.03,27
1542934800000,0.03,27
1543021200000,0.03,27
1543107600000,0.03,43
1543194000000,0.03,28
1543280400000,0.03,20
1543366800000,0.03,33
1543453200000,0.03,18
1543539600000,0.03,37
1543626000000,0.03,51
1543712400000,0.03,13
1543798800000,0.03,39
1543885200000,0.03,73
1543971600000,0.03,23
1544058000000,0.03,28
1544144400000,0.03,23
1544230800000,0.03,56
1544317200000,0.03,26
1544403600000,0.03,97
1544490000000,0.03,42
1544576400000,0.03,30
1544662800000,0.03,49
1544749200000,0.03,38
1544835600000,0.03,43
1544922000000,0.03,85
1545008400000,0.03,30
1545094800000,0.03,18
1545181200000,0.03,36
1545267600000,0.03,46
1545354000000,0.03,50
1545440400000,0.03,42
1545526800000,0.03,57
1545613200000,0.03,45
1545699600000,0.03,44
1545786000000,0.03,33
1545872400000,0.03,43
1545958800000,0.03,31
1546045200000,0.03,34
1546131600000,0.03,47
1546218000000,0.03,27
1546304400000,0.03,31
1546390800000,0.03,74
1546477200000,0.03,41
1546563600000,0.03,62
1546650000000,0.03,30
1546736400000,0.03,36
1546822800000,0.03,31
1546909200000,0.03,49
1546995600000,0.03,67
1547082000000,0.03,56
1547168400000,0.03,28
1547254800000,0.03,60
1547341200000,0.03,35
1547427600000,0.03,31
1547514000000,0.03,41
1547600400000,0.03,35
1547686800000,0.03,37
1547773200000,0.03,52
1547859600000,0.03,55
1547946000000,0.03,30
1548032400000,0.03,27
1548118800000,0.03,24
1548205200000,0.03,45
1548291600000,0.03,37
1548378000000,0.03,17
1548464400000,0.03,30
1548550800000,0.03,51
1548637200000,0.03,34
1548723600000,0.03,50
1548810000000,0.03,50
1548896400000,0.03,37
1548982800000,0.03,35
1549069200000,0.03,28
1549155600000,0.03,40
1549242000000,0.03,38
1549328400000,0.03,39
1549414800000,0.03,51
1549501200000,0.03,58
1549587600000,0.03,45
1549674000000,0.03,67
1549760400000,0.03,43
1549846800000,0.03,32
1549933200000,0.03,43
1550019600000,0.03,32
1550106000000,0.03,21
1550192400000,0.03,66
1550278800000,0.03,40
1550365200000,0.03,38
1550451600000,0.03,29
1550538000000,0.03,24
1550624400000,0.03,27
1550710800000,0.03,23
1550797200000,0.03,56
1550883600000,0.03,40
1550970000000,0.03,24
1551056400000,0.03,22
1551142800000,0.03,21
1551229200000,0.03,22
1551315600000,0.03,32
1551402000000,0.03,50
1551488400000,0.03,64
1551574800000,0.03,42
1551661200000,0.03,27
1551747600000,0.03,66
1551834000000,0.03,26
1551920400000,0.03,35
1552006800000,0.03,39
1552093200000,0.03,52
1552179600000,0.03,35
1552266000000,0.03,36
1552352400000,0.03,23
1552438800000,0.03,45
1552525200000,0.03,50
1552611600000,0.03,52
1552698000000,0.03,50
1552784400000,0.03,97
1552870800000,0.03,55
1552957200000,0.03,51
1553043600000,0.03,43
1553130000000,0.03,129
1553216400000,0.03,44
1553302800000,0.03,51
1553389200000,0.03,32
1553475600000,0.03,54
1553562000000,0.03,66
1553648400000,0.03,36
1553734800000,0.03,45
1553821200000,0.03,35
1553907600000,0.03,48
1553994000000,0.03,49
1554080400000,0.03,50
1554166800000,0.03,40
1554253200000,0.03,24
1554339600000,0.03,28
1554426000000,0.03,39
1554512400000,0.03,43
1554598800000,0.03,56
1554685200000,0.03,47
1554771600000,0.03,29
1554858000000,0.03,27
1554944400000,0.03,42
1555030800000,0.03,37
1555117200000,0.03,51
1555203600000,0.03,78
1555290000000,0.03,37
1555376400000,0.03,56
1555462800000,0.03,43
1555549200000,0.03,39
1555635600000,0.03,47
1555722000000,0.03,36
1555808400000,0.03,45
1555894800000,0.03,33
1555981200000,0.03,34
1556067600000,0.03,41
1556154000000,0.03,33
1556240400000,0.03,39
1556326800000,0.03,42
1556413200000,0.03,32
1556499600000,0.03,33
1556586000000,0.03,58
1556672400000,0.03,61
1556758800000,0.03,45
1556845200000,0.03,52
1556931600000,0.03,96
1557018000000,0.03,32
1557104400000,0.03,25
1557190800000,0.03,55
1557277200000,0.03,35
1557363600000,0.03,37
1557450000000,0.03,38
1557536400000,0.03,64
1557622800000,0.03,29
1557709200000,0.03,43
1557795600000,0.03,22
1557882000000,0.03,45
1557968400000,0.03,126
1558054800000,0.03,40
1558141200000,0.03,77
1558227600000,0.03,44
1558314000000,0.03,13
1558400400000,0.03,26
1558486800000,0.03,56
1558573200000,0.03,106
1558659600000,0.03,22
1558746000000,0.03,31
1558832400000,0.03,43
1558918800000,0.03,28
1559005200000,0.03,57
1559091600000,0.03,69
1559178000000,0.03,71
1559264400000,0.03,30
1559350800000,0.03,106
1559437200000,0.03,32
1559523600000,0.03,39
1559610000000,0.03,35
1559696400000,0.03,37
1559782800000,0.03,42
1559869200000,0.03,24
1559955600000,0.03,41
1560042000000,0.03,49
1560128400000,0.03,32
1560214800000,0.03,31
1560301200000,0.03,46
1560387600000,0.03,40
1560474000000,0.03,40
1560560400000,0.03,40
1560646800000,0.03,52
1560733200000,0.03,34
1560819600000,0.03,41
1560906000000,0.03,47
1560992400000,0.03,33
1561078800000,0.03,35
1561165200000,0.03,29
1561251600000,0.03,85
1561338000000,0.03,29
1561424400000,0.03,67
1561510800000,0.03,63
1561597200000,0.03,66
1561683600000,0.03,57
1561770000000,0.03,42
1561856400000,0.03,50
1561942800000,0.03,62
1562029200000,0.03,31
1562115600000,0.03,63
1562202000000,0.03,50
1562288400000,0.03,78
1562374800000,0.03,44
1562461200000,0.03,31
1562547600000,0.03,63
1562634000000,0.03,43
1562720400000,0.03,56
1562806800000,0.03,49
1562893200000,0.03,28
1562979600000,0.03,41
1563066000000,0.03,39
1563152400000,0.03,63
1563238800000,0.03,49
1563325200000,0.03,49
1563411600000,0.03,44
1563498000000,0.03,52
1563584400000,0.03,36
1563670800000,0.03,58
1563757200000,0.03,31
1563843600000,0.03,43
1563930000000,0.03,26
1564016400000,0.03,49
1564102800000,0.03,25
1564189200000,0.03,37
1564275600000,0.03,32
1564362000000,0.03,104
1564448400000,0.03,43
1564534800000,0.03,34
1564621200000,0.03,41
1564707600000,0.03,51
1564794000000,0.03,53
1564880400000,0.03,26
1564966800000,0.03,56
1565053200000,0.03,31
1565139600000,0.03,94
1565226000000,0.03,45
1565312400000,0.03,44
1565398800000,0.03,50
1565485200000,0.03,43
1565571600000,0.03,24
1565658000000,0.03,40
1565744400000,0.03,54
1565830800000,0.03,35
1565917200000,0.03,40
1566003600000,0.03,52
1566090000000,0.03,68
1566176400000,0.03,47
1566262800000,0.03,50
1566349200000,0.03,53
1566435600000,0.03,83
1566522000000,0.03,34
1566608400000,0.03,48
1566694800000,0.03,37
1566781200000,0.03,38
1566867600000,0.03,45
1566954000000,0.03,52
1567040400000,0.03,56
1567126800000,0.03,44
1567213200000,0.03,44
1567299600000,0.03,47
1567386000000,0.03,41
1567472400000,0.03,90
1567558800000,0.03,87
1567645200000,0.03,43
1567731600000,0.03,47
1567818000000,0.03,74
1567904400000,0.03,55
1567990800000,0.03,46
1568077200000,0.03,37
1568163600000,0.03,49
1568250000000,0.03,38
1568336400000,0.03,47
1568422800000,0.03,95
1568509200000,0.03,58
1568595600000,0.03,42
1568682000000,0.03,37
1568768400000,0.03,28
1568854800000,0.03,49
1568941200000,0.03,97
1569027600000,0.03,62
1569114000000,0.03,49
1569200400000,0.03,45
1569286800000,0.03,39
1569373200000,0.03,58
1569459600000,0.03,42
1569546000000,0.03,41
1569632400000,0.03,65
1569718800000,0.03,52
1569805200000,0.03,129
1569891600000,0.03,96
1569978000000,0.03,128
1570064400000,0.03,96
1570150800000,0.03,46
1570237200000,0.03,68
1570323600000,0.03,44
1570410000000,0.03,55
1570496400000,0.03,29
1570582800000,0.03,47
1570669200000,0.03,54
1570755600000,0.03,97
1570842000000,0.03,67
1570928400000,0.03,31
1571014800000,0.03,78
1571101200000,0.03,40
1571187600000,0.03,55
1571274000000,0.03,41
1571360400000,0.03,63
1571446800000,0.03,83
1571533200000,0.03,91
1571619600000,0.03,62
1571706000000,0.03,35
1571792400000,0.03,89
1571878800000,0.03,42
1571965200000,0.03,70
1572051600000,0.03,82
1572138000000,0.03,78
1572224400000,0.03,67
1572310800000,0.03,38
1572397200000,0.03,71
1572483600000,0.03,69
1572570000000,0.03,105
1572656400000,0.03,65
1572742800000,0.03,71
1572829200000,0.03,47
1572915600000,0.03,46
1573002000000,0.03,70
1573088400000,0.03,51
1573174800000,0.03,58
1573261200000,0.03,79
1573347600000,0.03,88
1573434000000,0.03,69
1573520400000,0.03,37
1573606800000,0.03,52
1573693200000,0.03,38
1573779600000,0.03,48
1573866000000,0.03,53
1573952400000,0.03,48
1574038800000,0.03,71
1574125200000,0.03,72
1574211600000,0.03,61
1574298000000,0.03,51
1574384400000,0.03,32
1574470800000,0.03,44
1574557200000,0.03,42
1574643600000,0.03,32
1574730000000,0.03,40
1574816400000,0.03,54
1574902800000,0.03,57
1574989200000,0.03,36
1575075600000,0.03,56
1575162000000,0.03,47
1575248400000,0.03,84
1575334800000,0.03,49
1575421200000,0.03,54
1575507600000,0.03,30
1575594000000,0.03,37
1575680400000,0.03,73
1575766800000,0.03,50
1575853200000,0.03,36
1575939600000,0.03,45
1576026000000,0.03,71
1576112400000,0.03,40
1576198800000,0.03,37
1576285200000,0.03,176
1576371600000,0.03,132
1576458000000,0.03,33
1576544400000,0.03,94
1576630800000,0.03,39
1576717200000,0.03,50
1576803600000,0.03,41
1576890000000,0.03,82
1576976400000,0.03,55
1577062800000,0.03,62
1577149200000,0.03,37
1577235600000,0.03,59
1577322000000,0.03,81
1577408400000,0.03,75
1577494800000,0.03,90
1577581200000,0.03,63
1577667600000,0.03,49
1577754000000,0.03,37
1577840400000,0.03,42
1577926800000,0.03,50
1578013200000,0.03,42
1578099600000,0.03,80
1578186000000,0.03,55
1578272400000,0.03,41
1578358800000,0.03,38
1578445200000,0.03,57
1578531600000,0.03,131
1578618000000,0.03,66
1578704400000,0.03,42
1578790800000,0.03,48
1578877200000,0.03,34
1578963600000,0.03,53
1579050000000,0.03,64
1579136400000,0.03,55
1579222800000,0.03,52
1579309200000,0.03,67
1579395600000,0.03,50
1579482000000,0.03,51
1579568400000,0.03,51
1579654800000,0.03,43
1579741200000,0.03,45
1579827600000,0.03,59
1579914000000,0.03,81
1580000400000,0.03,47
1580086800000,0.03,39
1580173200000,0.03,43
1580259600000,0.03,47
1580346000000,0.03,56
1580432400000,0.03,84
1580518800000,0.03,66
1580605200000,0.03,76
1580691600000,0.03,54
1580778000000,0.03,52
1580864400000,0.03,49
1580950800000,0.03,59
1581037200000,0.03,75
1581123600000,0.03,148
1581210000000,0.03,112
1581296400000,0.03,74
1581382800000,0.03,56
1581469200000,0.03,82
1581555600000,0.03,52
1581642000000,0.03,82
1581728400000,0.03,69
1581814800000,0.03,125
1581901200000,0.03,75
1581987600000,0.03,42
1582074000000,0.03,71
1582160400000,0.03,44
1582246800000,0.03,66
1582333200000,0.03,84
1582419600000,0.03,68
1582506000000,0.03,46
1582592400000,0.03,74
1582678800000,0.03,57
1582765200000,0.03,61
1582851600000,0.03,47
1582938000000,0.03,101
1583024400000,0.03,65
1583110800000,0.03,50
1583197200000,0.03,140
1583283600000,0.03,73
1583370000000,0.03,57
1583456400000,0.03,80
1583542800000,0.03,65
1583629200000,0.03,71
1583715600000,0.03,105
1583802000000,0.03,71
1583888400000,0.03,27
1583974800000,0.03,38
1584061200000,0.03,71
1584147600000,0.03,112
1584234000000,0.03,125
1584320400000,0.03,48
1584406800000,0.03,86
1584493200000,0.03,54
1584579600000,0.03,78
1584666000000,0.03,61
1584752400000,0.03,65
1584838800000,0.03,65
1584925200000,0.03,76
1585011600000,0.03,85
1585098000000,0.03,109
1585184400000,0.03,103
1585270800000,0.03,74
1585357200000,0.03,71
1585443600000,0.03,83
1585530000000,0.03,68
1585616400000,0.03,85
1585702800000,0.03,137
1585789200000,0.03,146
1585875600000,0.03,98
1585962000000,0.03,97
1586048400000,0.03,76
1586134800000,0.03,112
1586221200000,0.03,134
1586307600000,0.03,106
1586394000000,0.03,87
1586480400000,0.03,111
1586566800000,0.03,92
1586653200000,0.03,85
1586739600000,0.03,83
1586826000000,0.03,661
1586912400000,0.03,118
1586998800000,0.03,110
1587085200000,0.03,96
1587171600000,0.03,141
1587258000000,0.03,84
1587344400000,0.03,51
1587430800000,0.03,62
1587517200000,0.03,49
1587603600000,0.03,93
1587690000000,0.03,123
1587776400000,0.03,115
1587862800000,0.03,87
1587949200000,0.03,81
1588035600000,0.03,91
1588122000000,0.03,103
1588208400000,0.03,121
1588294800000,0.03,138
1588381200000,0.03,166
1588467600000,0.03,137
1588554000000,0.03,84
1588640400000,0.03,69
1588726800000,0.03,112
1588813200000,0.03,184
1588899600000,0.03,83
1588986000000,0.03,82
1589072400000,0.03,101
1589158800000,0.03,77
1589245200000,0.03,142
1589331600000,0.03,170
1589418000000,0.03,98
1589504400000,0.03,62
1589590800000,0.03,101
1589677200000,0.03,90
1589763600000,0.03,72
1589850000000,0.03,106
1589936400000,0.03,155
1590022800000,0.03,88
1590109200000,0.03,100
1590195600000,0.03,79
1590282000000,0.03,65
1590368400000,0.03,49
1590454800000,0.03,71
1590541200000,0.03,91
1590627600000,0.03,92
1590714000000,0.03,71
1590800400000,0.03,127
1590886800000,0.03,72
1590973200000,0.03,84
1591059600000,0.03,80
1591146000000,0.03,74
1591232400000,0.03,97
1591318800000,0.03,91
1591405200000,0.03,43
1591491600000,0.03,87
1591578000000,0.03,38
1591664400000,0.03,32
1591750800000,0.03,68
1591837200000,0.03,56
1591923600000,0.03,42
1592010000000,0.03,57
1592096400000,0.03,46
1592182800000,0.03,93
1592269200000,0.03,41
1592355600000,0.03,65
1592442000000,0.03,66
1592528400000,0.03,73
1592614800000,0.03,64
1592701200000,0.03,95
1592787600000,0.03,31
1592874000000,0.03,53
1592960400000,0.03,86
1593046800000,0.03,90
1593133200000,0.03,124
1593219600000,0.03,67
1593306000000,0.03,60
1593392400000,0.03,129
1593478800000,0.03,50
1593565200000,0.03,76
1593651600000,0.03,115
1593738000000,0.03,92
1593824400000,0.03,102
1593910800000,0.03,71
1593997200000,0.03,101
1594083600000,0.03,63
1594170000000,0.03,90
1594256400000,0.03,58
1594342800000,0.03,55
1594429200000,0.03,42
1594515600000,0.03,63
1594602000000,0.03,58
1594688400000,0.03,53
1594774800000,0.03,75
1594861200000,0.03,83
1594947600000,0.03,89
1595034000000,0.03,93
1595120400000,0.03,79
1595206800000,0.03,92
1595293200000,0.03,150
1595379600000,0.03,54
1595466000000,0.03,103
1595552400000,0.03,72
1595638800000,0.03,75
1595725200000,0.03,71
1595811600000,0.03,53
1595898000000,0.03,67
1595984400000,0.03,73
1596070800000,0.03,61
1596157200000,0.03,81
1596243600000,0.03,33
1596330000000,0.03,39
1596416400000,0.03,55
1596502800000,0.03,48
1596589200000,0.03,67
1596675600000,0.03,69
1596762000000,0.03,75
1596848400000,0.03,90
1596934800000,0.03,59
1597021200000,0.03,55
1597107600000,0.03,102
1597194000000,0.03,83
1597280400000,0.03,66
1597366800000,0.03,57
1597453200000,0.03,92
1597539600000,0.03,95
1597626000000,0.03,82
1597712400000,0.03,58
1597798800000,0.03,81
1597885200000,0.03,110
1597971600000,0.03,100
1598058000000,0.03,87
1598144400000,0.03,57
1598230800000,0.03,108
1598317200000,0.03,80
1598403600000,0.03,75
1598490000000,0.03,60
1598576400000,0.03,136
1598662800000,0.03,102
1598749200000,0.03,212
1598835600000,0.03,57
1598922000000,0.03,115
1599008400000,0.03,47
1599094800000,0.03,45
1599181200000,0.03,68
1599267600000,0.03,126
1599354000000,0.03,66
1599440400000,0.03,57
1599526800000,0.03,56
1599613200000,0.03,112
1599699600000,0.03,58
1599786000000,0.03,93
1599872400000,0.03,54
1599958800000,0.03,63
1600045200000,0.03,79
1600131600000,0.03,50
1600218000000,0.03,58
1600304400000,0.03,53
1600390800000,0.03,107
1600477200000,0.03,72
1600563600000,0.03,176
1600650000000,0.03,70
1600736400000,0.03,79
1600822800000,0.03,59
1600909200000,0.03,86
1600995600000,0.03,71
1601082000000,0.03,117
1601168400000,0.03,70
1601254800000,0.03,57
1601341200000,0.03,38
1601427600000,0.03,69
1601514000000,0.03,49
1601600400000,0.03,60
1601686800000,0.03,148
1601773200000,0.03,53
1601859600000,0.03,101
1601946000000,0.03,36
1602032400000,0.03,73
1602118800000,0.03,63
1602205200000,0.03,77
1602291600000,0.03,74
1602378000000,0.03,69
1602464400000,0.03,67
1602550800000,0.03,59
1602637200000,0.03,95
1602723600000,0.03,64
1602810000000,0.03,157
1602896400000,0.03,45
1602982800000,0.03,99
1603069200000,0.03,52
1603155600000,0.03,30
1603242000000,0.03,184
1603328400000,0.03,72
1603414800000,0.03,56
1603501200000,0.03,64
1603587600000,0.03,79
1603674000000,0.03,66
1603760400000,0.03,63
1603846800000,0.03,91
1603933200000,0.03,100
1604019600000,0.03,137
1604106000000,0.03,131
1604192400000,0.03,165
1604278800000,0.03,86
1604365200000,0.03,65
1604451600000,0.03,113
1604538000000,0.03,69
1604624400000,0.03,70
1604710800000,0.03,94
1604797200000,0.03,71
1604883600000,0.03,83
1604970000000,0.03,64
1605056400000,0.03,298
1605142800000,0.03,81
1605229200000,0.03,52
1605315600000,0.03,68
1605402000000,0.03,71
1605488400000,0.03,79
1605574800000,0.03,69
1605661200000,0.03,107
1605747600000,0.03,69
1605834000000,0.03,85
1605920400000,0.03,71
1606006800000,0.03,85
1606093200000,0.03,59
1606179600000,0.03,66
1606266000000,0.03,166
1606352400000,0.03,110
1606438800000,0.03,172
1606525200000,0.03,459
1606611600000,0.03,111
1606698000000,0.03,81
1606784400000,0.03,83
1606870800000,0.03,99
1606957200000,0.03,59
1607043600000,0.03,114
1607130000000,0.03,81
1607216400000,0.03,90
1607302800000,0.03,149
1607389200000,0.03,64
1607475600000,0.03,135
1607562000000,0.03,72
1607648400000,0.03,93
1607734800000,0.03,87
1607821200000,0.03,78
1607907600000,0.03,124
1607994000000,0.03,60
1608080400000,0.03,63
1608166800000,0.03,83
1608253200000,0.03,102
1608339600000,0.03,117
1608426000000,0.03,119
1608512400000,0.03,97
1608598800000,0.03,58
1608685200000,0.03,219
1608771600000,0.03,97
1608858000000,0.03,75
1608944400000,0.03,72
1609030800000,0.03,87
1609117200000,0.03,79
1609203600000,0.03,87
1609290000000,0.03,135
1609376400000,0.03,114
1609462800000,0.03,143
1609549200000,0.03,92
1609635600000,0.03,75
1609722000000,0.03,123
1609808400000,0.03,73
1609894800000,0.03,143
1609981200000,0.03,167
1610067600000,0.03,70
1610154000000,0.03,64
1610240400000,0.03,128
1610326800000,0.03,56
1610413200000,0.03,135
1610499600000,0.03,110
1610586000000,0.03,314
1610672400000,0.03,98
1610758800000,0.03,92
1610845200000,0.03,106
1610931600000,0.03,97
1611018000000,0.03,88
1611104400000,0.03,141
1611190800000,0.03,263
1611277200000,0.03,85
1611363600000,0.03,80
1611450000000,0.03,56
1611536400000,0.03,67
1611622800000,0.03,111
1611709200000,0.03,83
1611795600000,0.03,85
1611882000000,0.03,82
1611968400000,0.03,100
1612054800000,0.03,70
1612141200000,0.03,67
1612227600000,0.03,96
1612314000000,0.03,159
1612400400000,0.03,67
1612486800000,0.03,50
1612573200000,0.03,73
1612659600000,0.03,84
1612746000000,0.03,81
1612832400000,0.03,83
1612918800000,0.03,132
1613005200000,0.03,106
1613091600000,0.03,213
1613178000000,0.03,126
1613264400000,0.03,92
1613350800000,0.03,90
1613437200000,0.03,207
1613523600000,0.03,90
1613610000000,0.03,87
1613696400000,0.03,74
1613782800000,0.03,74
1613869200000,0.03,112
1613955600000,0.03,60
1614042000000,0.03,190
1614128400000,0.03,165
1614214800000,0.03,110
1614301200000,0.03,106
1614387600000,0.03,127
1614474000000,0.03,128
1614560400000,0.03,151
1614646800000,0.03,322
1614733200000,0.03,94
1614819600000,0.03,93
1614906000000,0.03,95
1614992400000,0.03,193
1615078800000,0.03,122
1615165200000,0.03,90
1615251600000,0.03,67
1615338000000,0.03,102
1615424400000,0.03,105
1615510800000,0.03,63
1615597200000,0.03,106
1615683600000,0.03,67
1615770000000,0.03,117
1615856400000,0.03,88
1615942800000,0.03,86
1616029200000,0.03,112
1616115600000,0.03,171
1616202000000,0.03,95
1616288400000,0.03,82
1616374800000,0.03,96
1616461200000,0.03,86
1616547600000,0.03,137
1616634000000,0.03,101
1616720400000,0.03,89
1616806800000,0.03,96
1616893200000,0.03,143
1616979600000,0.03,193
1617066000000,0.03,102
1617152400000,0.03,107
1617238800000,0.03,75
1617325200000,0.03,143
1617411600000,0.03,183
1617498000000,0.03,83
1617584400000,0.03,115
1617670800000,0.03,135
1617757200000,0.03,76
1617843600000,0.03,106
1617930000000,0.03,154
1618016400000,0.03,145
1618102800000,0.03,106
1618189200000,0.03,81
1618275600000,0.03,95
1618362000000,0.03,32
1618448400000,0.03,111
1618534800000,0.03,268
1618621200000,0.03,98
1618707600000,0.03,91
1618794000000,0.03,89
1618880400000,0.03,82
1618966800000,0.03,115
1619053200000,0.03,267
1619139600000,0.03,115
1619226000000,0.03,148
1619312400000,0.03,99
1619398800000,0.03,84
1619485200000,0.03,80
1619571600000,0.03,53
1619658000000,0.03,194
1619744400000,0.03,96
1619830800000,0.03,116
1619917200000,0.03,94
1620003600000,0.03,134
1620090000000,0.03,109
1620176400000,0.03,179
1620262800000,0.03,90
1620349200000,0.03,81
1620435600000,0.03,134
1620522000000,0.03,148
1620608400000,0.03,94
1620694800000,0.03,98
1620781200000,0.03,150
1620867600000,0.03,120
1620954000000,0.03,164
1621040400000,0.03,123
1621126800000,0.03,97
1621213200000,0.03,84
1621299600000,0.03,75
1621386000000,0.03,108
1621472400000,0.03,98
1621558800000,0.03,84
1621645200000,0.03,120
1621731600000,0.03,114
1621818000000,0.03,152
1621904400000,0.03,127
1621990800000,0.03,111
1622077200000,0.03,92
1622163600000,0.03,104
1622250000000,0.03,103
1622336400000,0.03,80
1622422800000,0.03,73
1622509200000,0.03,133
1622595600000,0.03,128
1622682000000,0.03,205
1622768400000,0.03,78
1622854800000,0.03,53
1622941200000,0.03,73
1623027600000,0.03,108
1623114000000,0.03,62
1623200400000,0.03,134
1623286800000,0.03,122
1623373200000,0.03,77
1623459600000,0.03,78
1623546000000,0.03,83
1623632400000,0.03,52
1623718800000,0.03,79
1623805200000,0.03,64
1623891600000,0.03,104
1623978000000,0.03,89
1624064400000,0.03,100
1624150800000,0.03,63
1624237200000,0.03,81
1624323600000,0.03,57
1624410000000,0.03,102
1624496400000,0.03,294
1624582800000,0.03,99
1624669200000,0.03,90
1624755600000,0.03,59
1624842000000,0.03,77
1624928400000,0.03,52
1625014800000,0.03,77
1625101200000,0.03,80
1625187600000,0.03,132
1625274000000,0.03,93
1625360400000,0.03,80
1625446800000,0.03,66
1625533200000,0.03,113
1625619600000,0.03,49
1625706000000,0.03,116
1625792400000,0.03,52
1625878800000,0.03,95
1625965200000,0.03,79
1626051600000,0.03,105
1626138000000,0.03,70
1626224400000,0.03,120
1626310800000,0.03,136
1626397200000,0.03,98
1626483600000,0.03,80
1626570000000,0.03,42
1626656400000,0.03,53
1626742800000,0.03,65
1626829200000,0.03,56
1626915600000,0.03,57
1627002000000,0.03,68
1627088400000,0.03,74
1627174800000,0.03,42
1627261200000,0.03,39
1627347600000,0.03,36
1627434000000,0.03,90
1627520400000,0.03,66
1627606800000,0.03,58
1627693200000,0.03,58
1627779600000,0.03,54
1627866000000,0.03,83
1627952400000,0.03,68
1628038800000,0.03,83
1628125200000,0.03,51
1628211600000,0.03,119
1628298000000,0.03,71
1628384400000,0.03,101
1628470800000,0.03,211
1628557200000,0.03,63
1628643600000,0.03,84
1628730000000,0.03,61
1628816400000,0.03,106
1628902800000,0.03,78
1628989200000,0.03,99
1629075600000,0.03,72
1629162000000,0.03,58
1629248400000,0.03,176
1629334800000,0.03,64
1629421200000,0.03,51
1629507600000,0.03,80
1629594000000,0.03,102
1629680400000,0.03,70
1629766800000,0.03,66
1629853200000,0.03,200
1629939600000,0.03,68
1630026000000,0.03,68
1630112400000,0.03,57
1630198800000,0.03,39
1630285200000,0.03,70
1630371600000,0.03,62
1630458000000,0.03,71
1630544400000,0.03,50
1630630800000,0.03,76
1630717200000,0.03,60
1630803600000,0.03,47
1630890000000,0.03,60
1630976400000,0.03,58
1631062800000,0.03,89
1631149200000,0.03,66
1631235600000,0.03,119
1631322000000,0.03,77
1631408400000,0.03,77
1631494800000,0.03,76
1631581200000,0.03,57
1631667600000,0.03,68
1631754000000,0.03,112
1631840400000,0.03,85
1631926800000,0.03,92
1632013200000,0.03,119
1632099600000,0.03,45
1632186000000,0.03,80
1632272400000,0.03,110
1632358800000,0.03,123
1632445200000,0.03,65
1632531600000,0.03,80
1632618000000,0.03,54
1632704400000,0.03,42
1632790800000,0.03,100
1632877200000,0.03,59
1632963600000,0.03,102
1633050000000,0.03,60
1633136400000,0.03,73
1633222800000,0.03,81
1633309200000,0.03,49
1633395600000,0.03,87
1633482000000,0.03,259
1633568400000,0.03,66
1633654800000,0.03,74
1633741200000,0.03,199
1633827600000,0.03,76
1633914000000,0.03,89
1634000400000,0.03,81
1634086800000,0.03,85
1634173200000,0.03,96
1634259600000,0.03,67
1634346000000,0.03,75
1634432400000,0.03,67
1634518800000,0.03,128
1634605200000,0.03,49
1634691600000,0.03,78
1634778000000,0.03,49
1634864400000,0.03,69
1634950800000,0.03,65
1635037200000,0.03,38
1635123600000,0.03,65
1635210000000,0.03,49
1635296400000,0.03,92
1635382800000,0.03,64
1635469200000,0.03,71
1635555600000,0.03,78
1635642000000,0.03,69
1635728400000,0.03,80
1635814800000,0.03,74
1635901200000,0.03,84
1635987600000,0.03,73
1636074000000,0.03,64
1636160400000,0.03,51
1636246800000,0.03,75
1636333200000,0.03,96
1636419600000,0.03,41
1636506000000,0.03,81
1636592400000,0.03,97
1636678800000,0.03,87
1636765200000,0.03,133
1636851600000,0.03,86
1636938000000,0.03,51
1637024400000,0.03,84
1637110800000,0.03,96
1637197200000,0.03,83
1637283600000,0.03,114
1637370000000,0.03,81
1637456400000,0.03,55
1637542800000,0.03,56
1637629200000,0.03,64
1637715600000,0.03,69
1637802000000,0.03,78
1637888400000,0.03,96
1637974800000,0.03,272
1638061200000,0.03,90
1638147600000,0.03,62
1638234000000,0.03,73
1638320400000,0.03,76
1638406800000,0.03,76
1638493200000,0.03,75
1638579600000,0.03,146
1638666000000,0.03,70
1638752400000,0.03,49
1638838800000,0.03,63
1638925200000,0.03,62
1639011600000,0.03,96
1639098000000,0.03,52
1639184400000,0.03,63
1639270800000,0.03,70
1639357200000,0.03,76
1639443600000,0.03,95
1639530000000,0.03,56
1639616400000,0.03,71
1639702800000,0.03,61
1639789200000,0.03,49
1639875600000,0.03,50
1639962000000,0.03,109
1640048400000,0.03,41
1640134800000,0.03,85
1640221200000,0.03,73
1640307600000,0.03,57
1640394000000,0.03,73
1640480400000,0.03,77
1640566800000,0.03,66
1640653200000,0.03,60
1640739600000,0.03,234
1640826000000,0.03,82
1640912400000,0.03,82
1640998800000,0.03,76
1641085200000,0.03,80
1641171600000,0.03,106
1641258000000,0.03,84
1641344400000,0.03,90
1641430800000,0.03,130
1641517200000,0.03,66
1641603600000,0.03,62
1641690000000,0.03,90
1641776400000,0.03,100
1641862800000,0.03,98
1641949200000,0.03,62
1642035600000,0.03,72
1642122000000,0.03,82
1642208400000,0.03,58
1642294800000,0.03,98
1642381200000,0.03,58
1642467600000,0.03,114
1642554000000,0.03,126
1642640400000,0.03,81
1642726800000,0.03,77
1642813200000,0.03,75
1642899600000,0.03,81
1642986000000,0.03,86
1643072400000,0.03,62
1643158800000,0.03,86
1643245200000,0.03,87
1643331600000,0.03,416
1643418000000,0.03,236
1643504400000,0.03,89
1643590800000,0.03,94
1643677200000,0.03,130
1643763600000,0.03,110
1643850000000,0.03,90
1643936400000,0.03,63
1644022800000,0.03,143
1644109200000,0.03,42
1644195600000,0.03,103
1644282000000,0.03,70
1644368400000,0.03,95
1644454800000,0.03,90
1644541200000,0.03,128
1644627600000,0.03,51
1644714000000,0.03,47
1644800400000,0.03,65
1644886800000,0.03,74
1644973200000,0.03,90
1645059600000,0.03,55
1645146000000,0.03,128
1645232400000,0.03,85
1645318800000,0.03,60
1645405200000,0.03,44
1645491600000,0.03,106
1645578000000,0.03,66
1645664400000,0.03,59
1645750800000,0.03,71
1645837200000,0.03,76
1645923600000,0.03,137
1646010000000,0.03,56
1646096400000,0.03,91
1646182800000,0.03,81
1646269200000,0.03,67
1646355600000,0.03,147
1646442000000,0.03,95
1646528400000,0.03,58
1646614800000,0.03,95
1646701200000,0.03,70
1646787600000,0.03,72
1646874000000,0.03,64
1646960400000,0.03,76
1647046800000,0.03,130
1647133200000,0.03,77
1647219600000,0.03,107
1647306000000,0.03,57
1647392400000,0.03,111
1647478800000,0.03,125
1647565200000,0.03,59
1647651600000,0.03,87
1647738000000,0.03,78
1647824400000,0.03,79
1647910800000,0.03,50
1647997200000,0.03,155
1648083600000,0.03,64
1648170000000,0.03,58
1648256400000,0.03,82
1648342800000,0.03,44
1648429200000,0.03,49
1648515600000,0.03,64
1648602000000,0.03,66
1648688400000,0.03,66
1648774800000,0.03,82
1648861200000,0.03,56
1648947600000,0.03,51
1649034000000,0.03,61
1649120400000,0.03,99
1649206800000,0.03,73
1649293200000,0.03,123
1649379600000,0.03,45
1649466000000,0.03,149
1649552400000,0.03,61
1649638800000,0.03,90
1649725200000,0.03,43
1649811600000,0.03,63
1649898000000,0.03,51
1649984400000,0.03,66
1650070800000,0.03,86
1650157200000,0.03,38
1650243600000,0.03,84
1650330000000,0.03,55
1650416400000,0.03,59
1650502800000,0.03,36
1650589200000,0.03,36
1650675600000,0.03,82
1650762000000,0.03,81
1650848400000,0.03,39
1650934800000,0.03,58
1651021200000,0.03,60
1651107600000,0.03,86
1651194000000,0.03,60
1651280400000,0.03,90
1651366800000,0.03,54
1651453200000,0.03,104
1651539600000,0.03,71
1651626000000,0.03,119
1651712400000,0.03,88
1651798800000,0.03,59
1651885200000,0.03,46
1651971600000,0.03,126
1652058000000,0.03,55
1652144400000,0.03,40
1652230800000,0.03,84
1652317200000,0.03,74
1652403600000,0.03,71
1652490000000,0.03,50
1652576400000,0.03,48
1652662800000,0.03,44
1652749200000,0.03,68
1652835600000,0.03,38
1652922000000,0.03,53
1653008400000,0.03,70
1653094800000,0.03,96
1653181200000,0.03,79
1653267600000,0.03,94
1653354000000,0.03,75
1653440400000,0.03,73
1653526800000,0.03,45
1653613200000,0.03,67
1653699600000,0.03,53
1653786000000,0.03,56
1653872400000,0.03,52
1653958800000,0.03,96
1654045200000,0.03,78
1654131600000,0.03,50
1654218000000,0.03,63
1654304400000,0.03,85
1654390800000,0.03,55
1654477200000,0.03,98
1654563600000,0.03,65
1654650000000,0.03,60
1654736400000,0.03,70
1654822800000,0.03,49
1654909200000,0.03,32
1654995600000,0.03,57
1655082000000,0.03,65
1655168400000,0.03,111
1655254800000,0.03,53
1655341200000,0.03,109
1655427600000,0.03,75
1655514000000,0.03,72
1655600400000,0.03,61
1655686800000,0.03,36
1655773200000,0.03,67
1655859600000,0.03,42
1655946000000,0.03,81
1656032400000,0.03,91
1656118800000,0.03,59
1656205200000,0.03,61
1656291600000,0.03,64
1656378000000,0.03,73
1656464400000,0.03,103
1656550800000,0.03,76
1656637200000,0.03,52
1656723600000,0.03,57
1656810000000,0.03,72
1656896400000,0.03,70
1656982800000,0.03,119
1657069200000,0.03,94
1657155600000,0.03,58
1657242000000,0.03,45
1657328400000,0.03,51
1657414800000,0.03,60
1657501200000,0.03,73
1657587600000,0.03,57
1657674000000,0.03,55
1657760400000,0.03,61
1657846800000,0.03,47
1657933200000,0.03,119
1658019600000,0.03,95
1658106000000,0.03,54
1658192400000,0.03,42
1658278800000,0.03,55
1658365200000,0.03,57
1658451600000,0.03,87
1658538000000,0.03,73
1658624400000,0.03,173
1658710800000,0.03,99
1658797200000,0.03,53
1658883600000,0.03,62
1658970000000,0.03,64
1659056400000,0.03,80
1659142800000,0.03,87
1659229200000,0.03,57
1659315600000,0.03,63
1659402000000,0.03,192
1659488400000,0.03,71
1659574800000,0.03,101
1659661200000,0.03,53
1659747600000,0.03,65
1659834000000,0.03,74
1659920400000,0.03,43
1660006800000,0.03,41
1660093200000,0.03,95
1660179600000,0.03,87
1660266000000,0.03,115
1660352400000,0.03,49
1660438800000,0.03,81
1660525200000,0.03,47
1660611600000,0.03,46
1660698000000,0.03,93
1660784400000,0.03,68
1660870800000,0.03,60
1660957200000,0.03,91
1661043600000,0.03,53
1661130000000,0.03,105
1661216400000,0.03,65
1661302800000,0.03,65
1661389200000,0.03,51
1661475600000,0.03,51
1661562000000,0.03,113
1661648400000,0.03,84
1661734800000,0.03,108
1661821200000,0.03,57
1661907600000,0.03,65
1661994000000,0.03,94
1662080400000,0.03,158
1662166800000,0.03,62
1662253200000,0.03,56
1662339600000,0.03,43
1662426000000,0.03,57
1662512400000,0.03,46
1662598800000,0.03,88
1662685200000,0.03,51
1662771600000,0.03,72
1662858000000,0.03,44
1662944400000,0.03,67
1663030800000,0.03,69
1663117200000,0.03,78
1663203600000,0.03,51
1663290000000,0.03,45
1663376400000,0.03,46
1663462800000,0.03,92
1663549200000,0.03,50
1663635600000,0.03,75
1663722000000,0.03,144
1663808400000,0.03,42
1663894800000,0.03,144
1663981200000,0.03,57
1664067600000,0.03,86
1664154000000,0.03,51
1664240400000,0.03,68
1664326800000,0.03,84
1664413200000,0.03,96
1664499600000,0.03,45
1664586000000,0.03,64
1664672400000,0.03,108
1664758800000,0.03,78
1664845200000,0.03,63
1664931600000,0.03,113
1665018000000,0.03,54
1665104400000,0.03,152
1665190800000,0.03,125
1665277200000,0.03,69
1665363600000,0.03,41
1665450000000,0.03,96
1665536400000,0.03,55
1665622800000,0.03,29
1665709200000,0.03,51
1665795600000,0.03,181
1665882000000,0.03,76
1665968400000,0.03,61
1666054800000,0.03,65
1666141200000,0.03,54
1666227600000,0.03,71
1666314000000,0.03,43
1666400400000,0.03,136
1666486800000,0.03,54
1666573200000,0.03,38
1666659600000,0.03,46
1666746000000,0.03,90
1666832400000,0.03,45
1666918800000,0.03,61
1667005200000,0.03,75
1667091600000,0.03,60
1667178000000,0.03,57
1667264400000,0.03,55
1667350800000,0.03,86
1667437200000,0.03,54
1667523600000,0.03,55
1667610000000,0.03,56
1667696400000,0.03,73
1667782800000,0.03,46
1667869200000,0.03,38
1667955600000,0.03,66
1668042000000,0.03,74
1668128400000,0.03,45
1668214800000,0.03,50
1668301200000,0.03,75
1668387600000,0.03,54
1668474000000,0.03,86
1668560400000,0.03,44
1668646800000,0.03,71
1668733200000,0.03,81
1668819600000,0.03,112
1668906000000,0.03,72
1668992400000,0.03,63
1669078800000,0.03,93
1669165200000,0.03,134
1669251600000,0.03,96
1669338000000,0.03,51
1669424400000,0.03,74
1669510800000,0.03,100
1669597200000,0.03,64
1669683600000,0.03,67
1669770000000,0.03,143
1669856400000,0.03,24
1669942800000,0.03,126
1670029200000,0.03,38
1670115600000,0.03,87
1670202000000,0.03,95
1670288400000,0.03,82
1670374800000,0.03,95
1670461200000,0.03,59
1670547600000,0.03,80
1670634000000,0.03,40
1670720400000,0.03,90
1670806800000,0.03,57
1670893200000,0.03,35
1670979600000,0.03,66
1671066000000,0.03,120
1671152400000,0.03,83
1671238800000,0.03,65
1671325200000,0.03,122
1671411600000,0.03,53
1671498000000,0.03,59
1671584400000,0.03,129
1671670800000,0.03,63
1671757200000,0.03,106
1671843600000,0.03,105
1671930000000,0.03,58
1672016400000,0.03,84
1672102800000,0.03,102
1672189200000,0.03,85
1672275600000,0.03,51
1672362000000,0.03,56
1672448400000,0.03,57
1672534800000,0.03,60
1672621200000,0.03,105
1672707600000,0.03,90
1672794000000,0.03,113
1672880400000,0.03,59
1672966800000,0.03,165
1673053200000,0.03,66
1673139600000,0.03,109
1673226000000,0.03,42
1673312400000,0.03,50
1673398800000,0.03,99
1673485200000,0.03,121
1673571600000,0.03,72
1673658000000,0.03,109
1673744400000,0.03,114
1673830800000,0.03,75
1673917200000,0.03,94
1674003600000,0.03,121
1674090000000,0.03,80
1674176400000,0.03,59
1674262800000,0.03,103
1674349200000,0.03,158
1674435600000,0.03,96
1674522000000,0.03,106
1674608400000,0.03,82
1674694800000,0.03,61
1674781200000,0.03,53
1674867600000,0.03,78
1674954000000,0.03,109
1675040400000,0.03,168
1675126800000,0.03,39
1675213200000,0.03,52
1675299600000,0.03,84
1675386000000,0.03,80
1675472400000,0.03,204
1675558800000,0.03,84
1675645200000,0.03,88
1675731600000,0.03,80
1675818000000,0.03,99
1675904400000,0.03,96
1675990800000,0.03,158
1676077200000,0.03,72
1676163600000,0.03,124
1676250000000,0.03,96
1676336400000,0.03,99
1676422800000,0.03,57
1676509200000,0.03,103
1676595600000,0.03,149
1676682000000,0.03,179
1676768400000,0.03,124
1676854800000,0.03,66
1676941200000,0.03,79
1677027600000,0.03,85
1677114000000,0.03,114
1677200400000,0.03,129
1677286800000,0.03,76
1677373200000,0.03,176
1677459600000,0.03,102
1677546000000,0.03,93
1677632400000,0.03,81
1677718800000,0.03,120
1677805200000,0.03,97
1677891600000,0.03,118
1677978000000,0.03,151
1678064400000,0.03,299
1678150800000,0.03,194
1678237200000,0.03,91
1678323600000,0.03,115
1678410000000,0.03,80
1678496400000,0.03,135
1678582800000,0.03,131
1678669200000,0.03,115
1678755600000,0.03,134
1678842000000,0.03,80
1678928400000,0.03,262
1679014800000,0.03,153
1679101200000,0.03,140
1679187600000,0.03,89
1679274000000,0.03,157
1679360400000,0.03,112
1679446800000,0.03,134
1679533200000,0.03,182
1679619600000,0.03,121
1679706000000,0.03,100
1679792400000,0.03,130
1679878800000,0.03,149
1679965200000,0.03,127
1680051600000,0.03,291
1680138000000,0.03,85
1680224400000,0.03,108
1680310800000,0.03,190
1680397200000,0.03,112
1680483600000,0.03,218
1680570000000,0.03,78
1680656400000,0.03,115
1680742800000,0.03,172
1680829200000,0.03,59
1680915600000,0.03,142
1681002000000,0.03,130
1681088400000,0.03,206
1681174800000,0.03,87
1681261200000,0.03,88
1681347600000,0.03,65
1681434000000,0.03,67
1681520400000,0.03,61
1681606800000,0.03,77
1681693200000,0.03,73
1681779600000,0.03,55
1681866000000,0.03,65
1681952400000,0.03,113
1682038800000,0.03,142
1682125200000,0.03,183
1682211600000,0.03,125
1682298000000,0.03,129
1682384400000,0.03,83
1682442000000,0.03,3
1682445600000,0.03,7
1682449200000,0.033,17
1682452800000,0.03,13
1682456400000,0.03,4
1682460000000,0.03,5
1682463600000,0.03,2
1682467200000,0.03,1
1682470800000,0.03,1
1682474400000,0.03,13
1682478000000,0.03,2
1682481600000,0.03,4
1682485200000,0.03,1
1682488800000,0.03,11
1682492400000,0.03,2
1682496000000,0.03,7
1682499600000,0.03,2
1682503200000,0.03,3
1682506800000,0.03,5
1682510400000,0.03,3
1682514000000,0.03,7
1682517600000,0.03,7
1682521200000,0.03,34
1682524800000,0.03,3
1682528400000,0.03,4
1682532000000,0.03,14
1682535600000,0.03,4
1682539200000,0.03,11
1682542800000,0.03,4
1682546400000,0.03,4
1682550000000,0.03,1
1682553600000,0.03,2
1682557200000,0.03,4
1682560800000,0.03,3
1682564400000,0.03,3
1682568000000,0.03,2
1682571600000,0.03,3
1682575200000,0.03,2
1682578800000,0.03,4
1682582400000,0.03,1
1682586000000,0.03,17
1682589600000,0.03,2
1682593200000,0.03,14
1682596800000,0.03,16
1682600400000,0.03,3
1682604000000,0.03,6
1682607600000,0.03,18
1682611200000,0.03,2
1682614800000,0.03,3
1682618400000,0.03,7
1682622000000,0.03,5
1682625600000,0.03,3
1682629200000,0.03,15
1682632800000,0.03,3
1682636400000,0.03,13
1682640000000,0.03,1
1682643600000,0.03,2
1682647200000,0.03,2
1682650800000,0.03,1
1682654400000,0.03,41
1682658000000,0.03,3
1682661600000,0.03,1
1682668800000,0.03,2
1682672400000,0.03,1
1682676000000,0.03,4
1682679600000,0.03,2
1682686800000,0.03,5
1682690400000,0.03,3
1682694000000,0.03,8
1682697600000,0.03,5
1682701200000,0.03,28
1682704800000,0.03,7
1682708400000,0.03,4
1682712000000,0.03,14
1682715600000,0.03,2
1682719200000,0.03,2
1682722800000,0.03,24
1682726400000,0.03,1
1682730000000,0.03,2
1682733600000,0.03,1
1682737200000,0.03,1
1682740800000,0.03,3
1682744400000,0.03,3
1682748000000,0.03,3
1682755200000,0.03,1
1682758800000,0.03,3
1682762400000,0.03,13
1682766000000,0.03,5
1682773200000,0.03,2
1682776800000,0.03,8
1682780400000,0.03,9
1682784000000,0.03,11
1682787600000,0.03,3
1682791200000,0.03,10
1682794800000,0.03,1
1682798400000,0.03,10
1682802000000,0.03,7
1682805600000,0.03,7
1682809200000,0.03,1
1682812800000,0.03,1
1682816400000,0.03,3
1682820000000,0.03,4
1682823600000,0.03,3
1682830800000,0.03,2
1682834400000,0.03,1
1682838000000,0.03,5
1682841600000,0.03,4
1682845200000,0.03,3
1682848800000,0.03,11
1682852400000,0.03,2
1682856000000,0.03,55
1682859600000,0.03,15
1682863200000,0.03,4
1682866800000,0.03,5
1682870400000,0.03,10
1682874000000,0.03,2
1682877600000,0.03,12
1682881200000,0.03,8
1682884800000,0.03,3
1682888400000,0.03,1
1682892000000,0.03,1
1682895600000,0.03,6
1682899200000,0.03,1
1682906400000,0.03,4
1682910000000,0.03,1
1682913600000,0.03,1
1682917200000,0.03,1
1682924400000,0.03,1
1682928000000,0.033,3
1682931600000,0.03,3
1682938800000,0.03,2
1682942400000,0.03,9
1682946000000,0.03,4
1682949600000,0.03,3
1682953200000,0.03,26
1682956800000,0.03,2
1682960400000,0.03,15
1682964000000,0.03,3
1682967600000,0.03,4
1682971200000,0.03,2
1682974800000,0.03,4
1682978400000,0.03,8
1682982000000,0.03,5
1682996400000,0.03,1
1683000000000,0.03,1
1683007200000,0.03,10
1683010800000,0.03,3
1683014400000,0.03,1
1683021600000,0.03,6
1683025200000,0.03,2
1683028800000,0.03,4
1683032400000,0.03,5
1683036000000,0.03,4
1683039600000,0.03,8
1683043200000,0.03,3
1683046800000,0.03,4
1683050400000,0.03,2
1683054000000,0.03,3
1683057600000,0.03,8
1683061200000,0.03,1
1683064800000,0.03,3
1683068400000,0.03,2
1683072000000,0.03,1
1683079200000,0.03,3
1683082800000,0.03,4
1683086400000,0.03,4
1683090000000,0.03,1
1683097200000,0.03,2
1683100800000,0.03,4
1683104400000,0.03,3
1683108000000,0.03,5
1683111600000,0.03,4
1683115200000,0.03,6
1683118800000,0.03,6
1683122400000,0.03,3
1683126000000,0.03,3
1683129600000,0.03,4
1683133200000,0.03,12
1683136800000,0.03,9
1683140400000,0.03,4
1683144000000,0.03,9
1683147600000,0.03,8
1683151200000,0.03,4
1683158400000,0.03,2
1683165600000,0.03,5
1683169200000,0.03,1
1683172800000,0.03,1
1683176400000,0.03,2
1683180000000,0.03,2
1683183600000,0.03,1
1683187200000,0.03,1
1683190800000,0.03,3
1683198000000,0.03,5
1683201600000,0.03,2
1683205200000,0.03,5
1683208800000,0.03,3
1683212400000,0.03,8
1683216000000,0.03,6
1683219600000,0.03,55
1683223200000,0.03,4
1683226800000,0.03,4
1683230400000,0.03,9
1683234000000,0.03,6
1683237600000,0.03,7
1683241200000,0.03,1
1683244800000,0.03,2
1683248400000,0.03,4
1683252000000,0.03,1
1683255600000,0.03,3
1683259200000,0.03,1
1683262800000,0.03,2
1683266400000,0.03,2
1683270000000,0.03,4
1683273600000,0.03,3
1683277200000,0.03,8
1683280800000,0.03,6
1683284400000,0.03,6
1683291600000,0.03,1
1683295200000,0.03,3
1683302400000,0.03,12
1683306000000,0.03,7
1683309600000,0.03,6
1683313200000,0.03,5
1683316800000,0.03,9
1683320400000,0.03,7
1683324000000,0.03,11
1683327600000,0.03,3
1683331200000,0.03,1
1683334800000,0.03,2
1683338400000,0.03,1
1683342000000,0.03,3
1683345600000,0.03,2
1683349200000,0.03,1
1683352800000,0.03,4
1683356400000,0.03,2
1683360000000,0.03,2
1683363600000,0.033,13
1683367200000,0.03,1
1683370800000,0.03,23
1683374400000,0.03,1
1683378000000,0.03,3
1683385200000,0.03,1
1683388800000,0.03,7
1683392400000,0.03,6
1683396000000,0.03,11
1683399600000,0.033,16
1683403200000,0.03,23
1683406800000,0.03,10
1683410400000,0.03,5
1683414000000,0.03,9
1683417600000,0.03,12
1683421200000,0.03,1
1683424800000,0.03,4
1683432000000,0.03,2
1683435600000,0.03,7
1683439200000,0.03,3
1683442800000,0.03,2
1683446400000,0.03,10
1683450000000,0.03,5
1683453600000,0.03,1
1683457200000,0.03,16
1683460800000,0.03,9
1683464400000,0.03,12
1683468000000,0.03,5
1683471600000,0.03,22
1683475200000,0.03,2
1683478800000,0.03,3
1683482400000,0.03,12
1683486000000,0.03,7
1683489600000,0.03,2
1683493200000,0.03,14
1683496800000,0.03,5
1683500400000,0.03,1
1683504000000,0.03,4
1683507600000,0.03,3
1683511200000,0.03,6
1683514800000,0.03,2
1683518400000,0.03,2
1683522000000,0.03,2
1683525600000,0.03,2
1683532800000,0.03,5
1683536400000,0.03,2
1683540000000,0.03,11
1683543600000,0.03,5
1683547200000,0.03,18
1683550800000,0.03,2
1683554400000,0.03,29
1683558000000,0.03,7
1683561600000,0.03,5
1683565200000,0.03,2
1683568800000,0.03,3
1683572400000,0.03,9
1683576000000,0.03,6
1683579600000,0.03,2
1683583200000,0.03,2
1683586800000,0.03,3
1683590400000,0.03,1
1683594000000,0.03,3
1683608400000,0.03,1
1683615600000,0.03,3
1683622800000,0.03,3
1683626400000,0.03,12
1683630000000,0.03,32
1683633600000,0.03,8
1683637200000,0.03,1
1683640800000,0.03,1
1683644400000,0.03,4
1683648000000,0.03,1
1683651600000,0.03,3
1683655200000,0.03,4
1683658800000,0.03,3
1683662400000,0.03,2
1683666000000,0.03,2
1683669600000,0.03,3
1683673200000,0.03,2
1683676800000,0.03,15
1683680400000,0.03,3
1683684000000,0.03,2
1683687600000,0.03,3
1683691200000,0.03,1
1683694800000,0.03,1
1683698400000,0.03,1
1683702000000,0.03,7
1683705600000,0.03,1
1683712800000,0.03,2
1683716400000,0.03,4
1683720000000,0.03,3
1683723600000,0.033,5
1683727200000,0.03,5
1683730800000,0.03,4
1683734400000,0.03,8
1683738000000,0.03,3
1683741600000,0.03,3
1683745200000,0.03,3
1683748800000,0.03,19
1683752400000,0.03,5
1683756000000,0.03,4
1683759600000,0.03,2
1683766800000,0.03,1
1683770400000,0.03,2
1683774000000,0.03,4
1683777600000,0.03,1
1683781200000,0.03,2
1683784800000,0.03,3
1683788400000,0.03,4
1683792000000,0.03,2
1683795600000,0.03,7
1683799200000,0.03,6
1683802800000,0.03,15
1683806400000,0.03,3
1683810000000,0.03,1
1683813600000,0.03,1
1683817200000,0.03,6
1683820800000,0.03,2
1683824400000,0.03,5
1683828000000,0.03,2
1683831600000,0.03,7
1683835200000,0.03,7
1683838800000,0.03,2
1683842400000,0.03,4
1683846000000,0.03,2
1683856800000,0.03,2
1683864000000,0.03,3
1683867600000,0.03,2
1683871200000,0.03,3
1683874800000,0.03,1
1683878400000,0.03,2
1683882000000,0.03,2
1683889200000,0.03,7
1683892800000,0.03,9
1683896400000,0.03,2
1683900000000,0.03,1
1683903600000,0.03,2
1683907200000,0.03,4
1683910800000,0.03,169
1683914400000,0.03,2
1683918000000,0.03,15
1683921600000,0.03,9
1683925200000,0.03,3
1683928800000,0.03,1
1683932400000,0.03,4
1683936000000,0.03,2
1683946800000,0.03,2
1683950400000,0.03,1
1683954000000,0.03,1
1683957600000,0.03,5
1683961200000,0.03,1
1683964800000,0.03,1
1683968400000,0.03,1
1683972000000,0.03,2
1683975600000,0.03,4
1683979200000,0.03,7
1683982800000,0.03,1
1683986400000,0.03,3
1683997200000,0.03,3
1684000800000,0.03,15
1684004400000,0.03,7
1684008000000,0.03,6
1684011600000,0.03,6
1684015200000,0.03,5
1684018800000,0.03,3
1684022400000,0.03,12
1684026000000,0.03,4
1684029600000,0.03,6
1684033200000,0.03,3
1684036800000,0.03,5
1684040400000,0.03,15
1684047600000,0.03,1
1684051200000,0.03,3
1684054800000,0.03,2
1684058400000,0.03,11
1684062000000,0.03,2
1684065600000,0.03,8
1684069200000,0.03,3
1684072800000,0.03,3
1684076400000,0.03,1
1684080000000,0.03,4
1684083600000,0.03,6
1684087200000,0.03,2
1684090800000,0.03,3
1684094400000,0.03,35
1684098000000,0.03,1
1684101600000,0.03,4
1684105200000,0.03,1
1684108800000,0.03,3
1684112400000,0.03,1
1684116000000,0.03,3
1684126800000,0.03,1
1684134000000,0.03,1
1684137600000,0.03,2
1684141200000,0.03,4
1684144800000,0.03,2
1684148400000,0.03,6
1684152000000,0.03,1
1684155600000,0.03,1
1684159200000,0.03,15
1684162800000,0.03,10
1684166400000,0.03,5
1684170000000,0.03,6
1684173600000,0.03,3
1684177200000,0.03,2
1684180800000,0.03,5
1684188000000,0.03,4
1684191600000,0.03,5
1684198800000,0.03,3
1684206000000,0.03,2
1684209600000,0.03,4
1684220400000,0.03,1
1684224000000,0.03,3
1684227600000,0.03,2
1684234800000,0.03,2
1684238400000,0.03,12
1684242000000,0.03,1
1684249200000,0.03,2
1684252800000,0.03,13
1684256400000,0.03,10
1684260000000,0.03,1
1684263600000,0.03,10
1684267200000,0.03,4
1684270800000,0.03,5
1684274400000,0.03,1
1684281600000,0.03,1
1684285200000,0.03,2
1684288800000,0.03,1
1684292400000,0.03,3
1684296000000,0.03,2
1684299600000,0.03,2
1684303200000,0.03,1
1684306800000,0.03,2
1684310400000,0.03,2
1684314000000,0.03,7
1684317600000,0.03,1
1684321200000,0.03,3
1684324800000,0.03,9
1684328400000,0.03,5
1684332000000,0.03,8
1684335600000,0.03,8
1684339200000,0.03,10
1684342800000,0.03,7
1684346400000,0.03,4
1684350000000,0.03,13
1684353600000,0.03,4
1684357200000,0.03,5
1684360800000,0.03,8
1684364400000,0.03,2
1684368000000,0.03,1
1684371600000,0.03,1
1684378800000,0.03,1
1684382400000,0.03,1
1684386000000,0.03,3
1684389600000,0.03,3
1684396800000,0.03,2
1684400400000,0.03,4
1684404000000,0.03,4
1684407600000,0.03,6
1684411200000,0.03,6
1684414800000,0.03,6
1684418400000,0.03,5
1684422000000,0.03,5
1684425600000,0.03,8
1684429200000,0.03,17
1684432800000,0.03,1
1684436400000,0.03,4
1684440000000,0.03,5
1684443600000,0.03,2
1684447200000,0.03,8
1684450800000,0.03,3
1684454400000,0.03,4
1684458000000,0.03,3
1684461600000,0.03,3
1684465200000,0.03,6
1684468800000,0.032,4
1684479600000,0.03,1
1684483200000,0.03,2
1684486800000,0.03,2
1684490400000,0.03,3
1684494000000,0.03,1
1684497600000,0.03,8
1684501200000,0.03,7
1684504800000,0.03,4
1684508400000,0.03,2
1684512000000,0.03,3
1684515600000,0.03,4
1684519200000,0.03,11
1684522800000,0.03,5
1684526400000,0.03,5
1684530000000,0.03,2
1684533600000,0.03,5
1684540800000,0.03,5
1684544400000,0.03,1
1684548000000,0.03,2
1684558800000,0.03,1
1684562400000,0.03,3
1684566000000,0.03,7
1684569600000,0.03,7
1684573200000,0.03,12
1684576800000,0.03,3
1684580400000,0.03,8
1684584000000,0.03,19
1684587600000,0.03,2
1684591200000,0.03,10
1684594800000,0.03,5
1684598400000,0.03,7
1684602000000,0.03,6
1684605600000,0.03,4
1684609200000,0.03,5
1684612800000,0.03,5
1684616400000,0.03,2
1684620000000,0.03,3
1684623600000,0.03,1
1684627200000,0.03,4
1684630800000,0.03,4
1684634400000,0.03,1
1684645200000,0.03,1
1684648800000,0.03,2
1684652400000,0.03,3
1684656000000,0.03,5
1684659600000,0.03,3
1684663200000,0.03,4
1684666800000,0.03,3
1684670400000,0.03,4
1684674000000,0.03,1
1684677600000,0.03,13
1684681200000,0.03,8
1684684800000,0.03,2
1684688400000,0.03,14
1684692000000,0.03,2
1684695600000,0.03,9
1684699200000,0.03,6
1684702800000,0.03,4
1684706400000,0.03,6
1684713600000,0.03,4
1684717200000,0.03,3
1684720800000,0.03,1
1684724400000,0.03,1
1684728000000,0.03,3
1684731600000,0.03,2
1684735200000,0.03,1
1684746000000,0.03,1
1684753200000,0.03,5
1684764000000,0.03,4
1684767600000,0.03,2
1684771200000,0.03,4
1684774800000,0.03,5
1684778400000,0.03,8
1684782000000,0.03,20
1684785600000,0.03,4
1684789200000,0.03,3
1684792800000,0.03,22
1684807200000,0.03,1
1684810800000,0.03,1
1684818000000,0.03,6
1684828800000,0.03,2
1684832400000,0.03,3
1684836000000,0.03,5
1684839600000,0.03,1
1684843200000,0.032,5
1684846800000,0.03,10
1684850400000,0.03,2
1684857600000,0.03,3
1684861200000,0.03,4
1684864800000,0.03,2
1684868400000,0.03,4
1684872000000,0.03,2
1684875600000,0.03,5
1684879200000,0.03,1
1684882800000,0.03,4
1684886400000,0.03,1
1684890000000,0.03,1
1684893600000,0.03,2
1684900800000,0.03,1
1684904400000,0.03,2
1684908000000,0.03,1
1684915200000,0.03,2
1684918800000,0.03,5
1684922400000,0.03,138
1684926000000,0.03,1
1684929600000,0.03,3
1684933200000,0.03,2
1684936800000,0.03,7
1684940400000,0.03,3
1684944000000,0.03,4
1684947600000,0.03,3
1684951200000,0.03,4
1684954800000,0.03,4
1684958400000,0.03,3
1684962000000,0.03,2
1684965600000,0.03,3
1684969200000,0.03,6
1684972800000,0.03,2
1684980000000,0.03,3
1684983600000,0.03,2
1684987200000,0.03,3
1684990800000,0.03,7
1684994400000,0.03,1
1684998000000,0.03,1
1685001600000,0.03,4
1685005200000,0.03,5
1685008800000,0.03,4
1685012400000,0.03,3
1685016000000,0.03,6
1685019600000,0.03,7
1685023200000,0.03,15
1685026800000,0.03,6
